2 -0.118367940103363 3.21103091150257 8.60596197637852
3 -0.417737392391783 1.09474511324827 3.60325744895535
4 -0.477869091932378 0.417297445375668 1.83481491529387
5 -0.491361845741621 0.141155561323343 1.03958053667451
6 -0.494333917499432 0.0132234666086421 0.626188262915057
7 -0.494950375343916 -0.0506926236509963 0.38984882772545
8 -0.495070533911525 -0.0842180964934478 0.245460330369838
9 -0.49509278561873 -0.102373863959999 0.15287475306787
10 -0.495096746302708 -0.112394354813416 0.0913107211466989
11 -0.495097430026167 -0.117968403752653 0.0492265319676742
12 -0.495097545238776 -0.121063907173268 0.0198468722176881
13 -0.495097564277823 -0.122766825606794 -0.000989652877092081
14 -0.495097567373812 -0.123689397580278 -0.0159384269988471
15 -0.495097567870505 -0.124179668515016 -0.0267502351245555
16 -0.495097567949279 -0.124434695095042 -0.034611998620952
17 -0.495097567961651 -0.124564475511791 -0.0403470114584793
18 -0.495097567963577 -0.124629126079684 -0.0445367401805236
19 -0.495097567963873 -0.124660694965511 -0.0475975256564388
20 -0.495097567963917 -0.12467583102462 -0.0498305528518219
21 -0.495097567963926 -0.12468296969433 -0.0514554046387477
22 -0.495097567963925 -0.124686287307834 -0.0526331396684387
23 -0.495097567963926 -0.124687808988958 -0.0534824428248312
24 -0.495097567963926 -0.124688498777126 -0.0540910667755785
25 -0.495097567963926 -0.124688808182208 -0.054524014137681
26 -0.495097567963924 -0.124688945653498 -0.0548294398020376
27 -0.495097567963923 -0.124689006209927 -0.0550429488384256
28 -0.495097567963923 -0.124689032677258 -0.0551907594744689
29 -0.495097567963925 -0.124689044162882 -0.0552920573199943


10 1.72730521088627 13.0466239557574 31.4076466206398
11 1.26365251958848 10.7930926170003 26.4215659933431
12 0.914189474068629 9.04095566982111 22.486747210249
13 0.646002185415791 7.65447404093355 19.3333954425262
14 0.437012711234736 6.54046515071026 16.7714760325733
15 0.272002893031041 5.63335669999598 14.6645070268381
16 0.140232792149339 4.88598754436926 12.9126842445682
17 0.0339651851735585 4.2637758571539 11.4418060825752
18 -0.0524759729883143 3.74092297288764 10.1958639360226
19 -0.123322176579539 3.29788307795867 9.13199250329448
20 -0.181773630471516 2.91964030342772 8.21696775017383
21 -0.230281981614985 2.59451277420614 7.4247382144775
22 -0.270747362924367 2.31330781847342 6.73465810143851
23 -0.304658034837447 2.06871566513764 6.13020469924837
24 -0.333190860630538 1.85486793566404 5.59803508823822
25 -0.357284608312962 1.66701182752147 5.12728390073033
26 -0.377694110014487 1.50126670913209 4.70903459112531
27 -0.395030746436817 1.3544402133059 4.33591713542506
28 -0.409793035782622 1.22388782335183 4.00179891196492
29 -0.422389976502082 1.10740461989329 3.70154499565634
30 -0.43315902523256 1.00314106477298 3.43083067981766
31 -0.442380062094512 0.909536930431046 3.18599366464097
32 -0.450286326067208 0.825269055357872 2.96391663853125
33 -0.457073042137959 0.749209726649859 2.76193334014732
34 -0.462904275399035 0.680393297898966 2.57775290286899
35 -0.467918412577145 0.617989238159886 2.40939853920517
36 -0.472232573254504 0.561280239476977 2.25515755114055
37 -0.475946180738834 0.50964433059724 2.1135403447978
38 -0.479143868852496 0.462540183923228 1.98324664830255
39 -0.481897860717702 0.419494983266586 1.86313752605979
40 -0.484269925288386 0.380094357090076 1.75221208355855
41 -0.486312994328682 0.343973986852546 1.6495879880423
42 -0.488072504897021 0.310812580910664 1.55448510922799
43 -0.489587518803962 0.280325967120192 1.46621172346198
44 -0.4908916599771 0.252262106195005 1.3841528337011
45 -0.492013902452889 0.22639686627858 1.30776024354607
46 -0.492979235275583 0.202530429490736 1.23654409152049
47 -0.493809225509645 0.180484225268008 1.17006560588723
48 -0.49452249655404 0.160098304506706 1.10793088356748
49 -0.495135135750403 0.141229083905358 1.04978553150927
50 -0.495661042724624 0.123747402297546 0.995310036935883
51 -0.496112227852883 0.107536840799791 0.944215755680537
52 -0.496499068594487 0.0924922667518403 0.896241426361897
53 -0.49683053010096 0.0785185680855887 0.851150133323817
54 -0.497114355430423 0.065529550212087 0.808726653713417
55 -0.497357229814906 0.0534469720065211 0.768775134331745
56 -0.497564922710774 0.0421997011770686 0.731117052376747
57 -0.497742410771334 0.0317229723745402 0.695589421238556
58 -0.497893984395733 0.0219577339540406 0.662043208370978
59 -0.498023340106847 0.0128500714287611 0.63034193715965
60 -0.498133660677515 0.0043506974379722 0.600360448811942
61 -0.498227684646211 -0.00358550045476345 0.571983803743197
62 -0.498307766631224 -0.0109998615605851 0.545106304840548
63 -0.498375929655868 -0.0179303098290066 0.51963062744485
64 -0.498433910531745 -0.0244116730487246 0.495467042973585
65 -0.498483199206361 -0.0304759681989322 0.472532724879027
66 -0.498525072861465 -0.0361526570210002 0.450751127144186
67 -0.498560625444795 -0.0414688753318259 0.430051426808348
68 -0.498590793230526 -0.0464496391334903 0.410368023116977
69 -0.498616376925685 -0.051118030174528 0.391640086838218
70 -0.498638060774683 -0.0554953632760889 0.373811154102504
71 -0.498656429055559 -0.059601337443336 0.356828759824489
72 -0.498671980312257 -0.0634541725307757 0.340644106372711
73 -0.498685139622087 -0.067070733011608 0.325211763678266
74 -0.498696269160459 -0.0704666402160169 0.310489397428505
75 -0.498705677290817 -0.0736563742382845 0.296437522388873
76 -0.498713626378534 -0.0766533665745682 0.283019278239634
77 -0.498720339501314 -0.0794700844293584 0.270200225616329
78 -0.49872600620737 -0.0821181075221194 0.257948160304417
79 -0.498730787451352 -0.0846081981342473 0.246232943770078
80 -0.498734819822236 -0.0869503650528825 0.235026348409856
81 -0.498738219161058 -0.0891539219990861 0.224301916080096
82 -0.498741083654329 -0.0912275410633599 0.214034828622634
83 -0.498743496476547 -0.0931793016180133 0.204201789241044
84 -0.498745528046106 -0.0950167351257734 0.194780913702668
85 -0.498747237948917 -0.0967468662220712 0.185751630449964
86 -0.498748676578264 -0.0983762504099669 0.177094588798148
87 -0.498749886531008 -0.0999110086722166 0.168791574482126
88 -0.498750903795756 -0.101356859276251 0.160825431888756
89 -0.498751758763406 -0.102719147019965 0.153179992378216
90 -0.498752477085596 -0.104002870142173 0.145840008156983
91 -0.498753080403923 -0.105212705101116 0.13879109121713
92 -0.498753586968695 -0.106353029404541 0.132019656904758
93 -0.498754012163692 -0.107427942657992 0.125512871721559
94 -0.498754368950954 -0.108441285982292 0.119258605001423
95 -0.498754668247594 -0.109396659937404 0.113245384137787
96 -0.498754919244667 -0.110297441077906 0.107462353067662
97 -0.498755129677209 -0.111146797253146 0.101899233744923
98 -0.498755306052428 -0.111947701755655 0.096546290360562
99 -0.498755453842497 -0.112702946411972 0.0913942960891685
100 -0.498755577647675 -0.113415153701998 0.0864345021602613
101 -0.498755681333881 -0.114086787984847 0.0816586090717438
102 -0.498755768148729 -0.114720165903478 0.0770587397781803
103 -0.498755840819695 -0.115317466032775 0.0726274147014708
104 -0.498755901636386 -0.115880737831642 0.0683575284242823
105 -0.49875595252067 -0.116411909953333 0.0642423279389162
106 -0.498755995084875 -0.116912797964548 0.0602753923347539
107 -0.498756030681462 -0.117385111519 0.0564506138174005
108 -0.49875606044442 -0.117830461027511 0.0527621799612259
109 -0.498756085324449 -0.118250363863629 0.0492045571055455
110 -0.49875610611828 -0.118646250139767 0.0457724748113089
111 -0.498756123493397 -0.119019468086718 0.042460911302801
112 -0.498756138008955 -0.119371289066301 0.0392650798238607
113 -0.498756150133187 -0.119702912244658 0.0361804158446738
114 -0.498756160258066 -0.120015468951384 0.0332025650592497
115 -0.4987561687117 -0.120310026748099 0.0303273721194526
116 -0.498756175768645 -0.120587593227367 0.0275508700545677
117 -0.498756181658568 -0.120849119561777 0.0248692703299437
118 -0.498756186573573 -0.121095503821915 0.0222789535017697
119 -0.498756190674316 -0.121327594079065 0.0197764604276902
120 -0.498756194095127 -0.121546191308884 0.0173584839967484
121 -0.498756196948218 -0.121752052109625 0.0150218613442761
122 -0.498756199327458 -0.12194589124867 0.0127635665200167
123 -0.49875620131119 -0.122128384048949 0.0105807035803187
124 -0.498756202964903 -0.122300168626632 0.00847050007686957
125 -0.498756204343306 -0.122461847991176 0.00643030091670437
126 -0.498756205492039 -0.122613992015473 0.00445756257023885
127 -0.498756206449192 -0.122757139287234 0.00254984760490273
128 -0.498756207246644 -0.12289179884799 0.000704819524600694
129 -0.498756207910927 -0.123018451828109 -0.00107976210436437
130 -0.498756208464206 -0.123137552984888 -0.00280604625838486
131 -0.498756208924946 -0.123249532149694 -0.0044760948091972
132 -0.498756209308585 -0.123354795590707 -0.00609188663935836
133 -0.498756209628001 -0.12345372729647 -0.00765532153487623
134 -0.49875620989386 -0.123546690185519 -0.0091682238685435
135 -0.498756210115149 -0.123634027247153 -0.0106323460862418
136 -0.498756210299325 -0.123716062617084 -0.0120493720079927
137 -0.498756210452573 -0.123793102592982 -0.013420919954788
138 -0.498756210580062 -0.123865436592828 -0.0147485457111659
139 -0.498756210686132 -0.123933338060445 -0.0160337453333911
140 -0.498756210774351 -0.123997065321059 -0.0172779578120615
141 -0.498756210847724 -0.124056862389714 -0.0184825675973647
142 -0.498756210908753 -0.124112959736025 -0.019648906995436
143 -0.498756210959485 -0.1241655750074 -0.0207782584423375
144 -0.498756211001666 -0.124214913713727 -0.0218718566634165
145 -0.498756211036729 -0.124261169874754 -0.0229308907240291
146 -0.498756211065879 -0.124304526633703 -0.0239565059779634
147 -0.49875621109009 -0.124345156838038 -0.0249498059191449
148 -0.498756211110245 -0.124383223589849 -0.0259118539421782
149 -0.49875621112695 -0.124418880767054 -0.0268436750167045
150 -0.498756211140839 -0.124452273517593 -0.0277462572802444
151 -0.498756211152397 -0.124483538727852 -0.0286205535542976
152 -0.498756211161996 -0.124512805466552 -0.0294674827874468
153 -0.498756211169974 -0.12454019540575 -0.0302879314299337
154 -0.498756211176591 -0.12456582322014 -0.0310827547430632
155 -0.498756211182054 -0.124589796965549 -0.0318527780471934
156 -0.498756211186637 -0.124612218437984 -0.0325987979112899
157 -0.498756211190421 -0.124633183514179 -0.0333215832876416
158 -0.498756211193564 -0.124652782474604 -0.0340218765942679
159 -0.498756211196188 -0.124671100309794 -0.0347003947479126
160 -0.498756211198382 -0.124688217010919 -0.0353578301502191
161 -0.498756211200159 -0.124704207845238 -0.0359948516295252
162 -0.498756211201652 -0.124719143617644 -0.0366121053407977
163 -0.498756211202902 -0.124733090918103 -0.0372102156254205
164 -0.498756211203912 -0.124746112356964 -0.0377897858333749
165 -0.498756211204762 -0.124758266787555 -0.0383513991094316
166 -0.49875621120548 -0.124769609517274 -0.038895619145361
167 -0.498756211206063 -0.124780192507839 -0.039422990899783
168 -0.498756211206549 -0.124790064564799 -0.0399340412872462
169 -0.498756211206958 -0.124799271517315 -0.0404292798383474
170 -0.498756211207288 -0.124807856388209 -0.0409091993318355
171 -0.498756211207549 -0.124815859555304 -0.0413742764005694
172 -0.498756211207788 -0.124823318903913 -0.0418249721123471
173 -0.49875621120798 -0.124830269971239 -0.0422617325268931
174 -0.498756211208162 -0.124836746083325 -0.0426849892300964
175 -0.498756211208278 -0.124842778484144 -0.0430951598466047
176 -0.498756211208389 -0.124848396458084 -0.0434926485320479
177 -0.498756211208467 -0.124853627445424 -0.0438778464452528
178 -0.498756211208533 -0.124858497152149 -0.0442511322021591
179 -0.498756211208593 -0.124863029652643 -0.0446128723115723
180 -0.498756211208658 -0.124867247487993 -0.0449634215941069
181 -0.498756211208699 -0.12487117175774 -0.0453031235847701
182 -0.498756211208727 -0.124874822207115 -0.0456323109200037
183 -0.49875621120878 -0.124878217309359 -0.0459513057101244
184 -0.498756211208796 -0.124881374342942 -0.0462604198972581
185 -0.498756211208797 -0.124884309465148 -0.04655995560006
186 -0.498756211208841 -0.124887037780611 -0.0468502054452991
187 -0.498756211208849 -0.124889573406733 -0.0471314528870951
188 -0.498756211208859 -0.124891929534713 -0.0474039725143234
189 -0.498756211208855 -0.124894118487333 -0.0476680303466695
190 -0.498756211208859 -0.124896151773362 -0.0479238841197556
191 -0.498756211208872 -0.124898040138724 -0.048171783559951
192 -0.498756211208877 -0.124899793614612 -0.0484119706490767
193 -0.498756211208877 -0.124901421562889 -0.048644679879595
194 -0.498756211208893 -0.124902932718627 -0.0488701385006914
195 -0.498756211208891 -0.124904335230201 -0.049088566755284
196 -0.4987562112089 -0.124905636696936 -0.0493001781089685
197 -0.498756211208898 -0.124906844204541 -0.0495051794704308
198 -0.498756211208876 -0.124907964358238 -0.0497037714043814
199 -0.498756211208893 -0.124909003314045 -0.0498961483368329
200 -0.498756211208896 -0.124909966808103 -0.0500824987530839


0.2 0.324721942803544 0.115536676839954 0.0629751641221359
0.4 0.532416634364228 0.18601117634159 0.101039835317822
0.6 0.654715849282906 0.221138924636918 0.119345098379905
0.8 0.715651481940498 0.228987371355898 0.122267504881467
1 0.733367345192378 0.216221258734417 0.113505957005643
1.2 0.721460894381408 0.18831427836523 0.0961678338554325
1.4 0.69003253332672 0.149731471799326 0.0728454508344196
1.6 0.646504413894139 0.104086171716266 0.0456838616390825
1.8 0.596257698261967 0.0542748347362276 0.0164408896699564
2 0.54312709727022 0.00259268105216432 -0.0134598002145451
2.2 0.489783485245739 -0.04916731761895 -0.0428818519199219
2.4 0.438028814286735 -0.0996298640336285 -0.0709349344339482
2.6 0.389022542280455 -0.147765235219504 -0.0969384289234817
2.8 0.343454676482477 -0.192827960128263 -0.120389552947675
3 0.301677303702934 -0.234304797599864 -0.140935435076712
3.2 0.263803979099933 -0.271870727349268 -0.158348709691446
3.4 0.229784252718095 -0.305351832144765 -0.1725062437985
3.6 0.199459087720614 -0.334694111068562 -0.183370634737076
3.8 0.172601634822274 -0.359937358158748 -0.190974182634369
4 0.148946836069096 -0.381193396230551 -0.195405035813907
4.2 0.12821255774363 -0.398628017721622 -0.196795273278751
4.4 0.110114353866194 -0.412446089686401 -0.195310685161404
4.6 0.0943754577928356 -0.422879341650955 -0.191142060801522
4.8 0.0807332535377877 -0.430176444544364 -0.184497786149867
5 0.0689431620396469 -0.434595003500387 -0.175597611874494
5.2 0.0587806689540095 -0.436395182303073 -0.164667426960496
5.4 0.0500420301265653 -0.435834684080934 -0.151934925725814
5.6 0.0425440831868488 -0.433164882233125 -0.137626038148443
5.8 0.0361234412920279 -0.428627883320737 -0.121962044874033
6 0.0306353149233167 -0.42245439242699 -0.105157257468692
6.2 0.025952116398867 -0.414862210963899 -0.0874172105874703
6.4 0.0219619567233213 -0.40605527087633 -0.0689372809989131
6.6 0.0185671374637413 -0.396223091633871 -0.0499016773864925
6.8 0.0156826672076907 -0.385540583015334 -0.0304827392536996
7 0.0132348499190453 -0.374168118069722 -0.0108405057895059
7.2 0.0111599807610551 -0.362251818416847 0.00887749328147273
7.4 0.00940313447981378 -0.349924007096761 0.0285362644458539
7.6 0.00791706955941248 -0.337303767817675 0.0480132198353643
7.8 0.00666124680835885 -0.32449760951051 0.0671979236012847
8 0.0056009395217778 -0.311600174888801 0.085991738112282
8.2 0.00470646328492698 -0.29869498942976 0.104307388291766
8.4 0.00395248362881187 -0.285855225219903 0.122068469811504
8.6 0.00331741032706906 -0.273144472193043 0.139208907819299
8.8 0.00278287330211946 -0.260617491130428 0.155672386254735
9 0.00233326049134085 -0.248320950949397 0.171411755471213
9.2 0.00195532261252937 -0.236294146170239 0.186388433737936
9.4 0.00163782918485572 -0.224569673221299 0.200571799775249
9.6 0.00137126723174904 -0.213174079302619 0.213938594067728
9.8 0.00114758960903638 -0.202128472679694 0.226472329842317
10 0.000959998280646331 -0.19144909451293 0.238162718207426
10.2 0.000802750334330217 -0.181147851811922 0.24900510849753
10.4 0.000671001967933248 -0.171232813596311 0.258999955656678
10.6 0.000560669091253501 -0.161708669136722 0.268152305139719
10.8 0.000468309333888503 -0.152577145469502 0.276471304891518
11 0.000391031664623989 -0.1438373976455 0.28396974118153
11.2 0.000326398510039258 -0.135486354580165 0.290663603659311
11.4 0.00027236049099731 -0.127519045248114 0.296571675433223
11.6 0.000227200454688768 -0.119928883277083 0.30171514813871
11.8 0.000189469788294272 -0.112707931867469 0.306117267338315
12 0.000157960441452277 -0.105847133996465 0.309802998000802
12.2 0.000131655626482169 -0.0993365271559759 0.312798721302702
12.4 0.000109700346410271 -0.0931654282090993 0.315131950167533
12.6 9.13833806858826E-05 -0.0873225975240247 0.316831072421883
12.8 7.61054715916706E-05 -0.0817963914088807 0.317925114768496
13 6.33664588804021E-05 -0.0765748876023338 0.318443528805702
13.2 5.27488362203791E-05 -0.0716459981186697 0.318415994938149
13.4 4.38983495745213E-05 -0.0669975673550868 0.317872249425608
13.6 3.65241587556907E-05 -0.062617460553418 0.316841927368217
13.8 3.03835222711989E-05 -0.0584936330154809 0.31535442390006
14 2.52696977019102E-05 -0.0546141927645631 0.31343876908506
14.2 2.10129400295172E-05 -0.050967454248738 0.311123521992111
14.4 1.74685470539699E-05 -0.0475419823973805 0.308436674366186
14.6 1.45189230083679E-05 -0.0443266257505468 0.305405569714594
14.8 1.2066788348081E-05 -0.0413105464582842 0.30205683296075
15 1.00267096004599E-05 -0.038483244794038 0.298416313949481
15.2 8.32940620499182E-06 -0.0358345745242848 0.294509036461757
15.4 6.91839558661766E-06 -0.0333547563120688 0.290359161284514
15.6 5.7441907212737E-06 -0.0310343831235933 0.28598995221774
15.8 4.77031564061956E-06 -0.0288644322981308 0.281423758328305
16 3.96038404760799E-06 -0.0268362580372155 0.276681991501093
16.2 3.28630547936949E-06 -0.0249415986076448 0.271785122828766
16.4 2.72786067640367E-06 -0.0231725646879361 0.266752672978218
16.6 2.26371402998999E-06 -0.0215216443340725 0.261603218211363
16.8 1.87845813519816E-06 -0.0199816857075605 0.256354391258184
17 1.55901202516595E-06 -0.0185458961532639 0.251022893999579
17.2 1.29156950728391E-06 -0.0172078289662051 0.245624508334781
17.4 1.07088178443018E-06 -0.0159613762944623 0.240174113868198
17.6 8.88629983740867E-07 -0.0148007547768171 0.234685704206498
17.8 7.36389866830962E-07 -0.0137204954512772 0.2291724096232
18 6.11128439964972E-07 -0.0127154353742629 0.223646519092525
18.2 5.0599184637282E-07 -0.0117807001385628 0.218119505362858
18.4 4.1922371585801E-07 -0.010911695722358 0.212602048308537
18.6 3.48386151438464E-07 -0.0101040940953314 0.207104064167877
18.8 2.88847699199892E-07 -0.00935382464794131 0.201634731750609
19 2.39217118848475E-07 -0.00865705688553137 0.196202520648717
19.2 1.97791301724626E-07 -0.00801019290771274 0.190815218462611
19.4 1.63161394333082E-07 -0.00740985672505464 0.185479962015517
19.6 1.35775853376391E-07 -0.00685287830484277 0.180203263437375
19.8 1.12597271201834E-07 -0.0063362872935276 0.174991039363344
20 9.33985978373866E-08 -0.00585729944337128 0.169848638882771
20.2 7.76966890955674E-08 -0.00541331095709553 0.164780873567936
20.4 6.41509660019375E-08 -0.00500188134700449 0.159792042305543
20.6 5.34117981561818E-08 -0.00462073126746396 0.154885959604687
20.8 4.37781657679236E-08 -0.00426772865816117 0.150065981903651
21 3.53835014726485E-08 -0.00394088347981649 0.145335033378927
21.2 2.93746490865745E-08 -0.00363833561774126 0.140695630815996
21.4 2.4353715984346E-08 -0.00335835059621639 0.136149907868743
21.6 2.01990245790297E-08 -0.00309931148170637 0.131699640064703
21.8 1.72195517790535E-08 -0.00285971019632184 0.127346266023904
22 1.36042568171225E-08 -0.00263813986314688 0.123090909777606
22.2 1.10767497081588E-08 -0.00243329173363479 0.118934402436379
22.4 9.16545334228694E-09 -0.0022439479037557 0.114877301945453
22.6 7.38096951198655E-09 -0.00206897366939989 0.110919914506172
22.8 5.72538771128608E-09 -0.00190731303419632 0.107062309623451
23 4.67326575605326E-09 -0.00175798635458912 0.103304342503618
23.2 3.23493214133903E-09 -0.00162008139922706 0.0996456671284227
23.4 3.01524022941596E-09 -0.00149275019479916 0.0960857554919167
23.6 3.14038214492772E-09 -0.00137520498907997 0.0926239100298709
23.8 2.43126184516743E-09 -0.00126671681484966 0.0892592815060326
24 2.04985707903149E-09 -0.00116660652412566 0.0859908817385423
24.2 1.43422450295442E-09 -0.00107424446871131 0.0828175948622334
24.4 8.06647502074007E-10 -0.000989046640476576 0.0797381931842746
24.6 8.16750616358721E-10 -0.000910472842598508 0.0767513458994321
24.8 7.89315367302967E-10 -0.000838019397460529 0.0738556326597858
25 3.67809744891982E-10 -0.000771221954749954 0.0710495508290268
25.2 1.01013340578515E-09 -0.000709649619984669 0.068331529671274
25.4 7.9502240724305E-10 -0.000652904045674017 0.0656999351984308
25.6 1.01495593101496E-09 -0.000600614404364974 0.0631530815319726
25.8 5.33599784600984E-10 -0.000552439227494288 0.0606892374107657
26 -1.23482740664799E-10 -0.000508061784613238 0.0583066347957566
26.2 6.30189105286225E-11 -0.000467188842426239 0.0560034748140588
26.4 7.94247922721141E-11 -0.000429549228750101 0.0537779346408336
26.6 1.52365931472312E-10 -0.000394892893943322 0.0516281740304042
26.8 -2.23211509606735E-11 -0.000362988219969951 0.0495523398198975
27 -9.95235349334597E-10 -0.000333620824005382 0.0475485717486529
27.2 -1.84684919159764E-10 -0.000306592442037539 0.0456150069289733
27.4 3.11075391100901E-10 -0.000281721273282586 0.0437497846160969
27.6 -1.68533297342077E-10 -0.000258837445122345 0.0419510495425766
27.8 1.28053870843236E-10 -0.000237785296818541 0.0402169553124173
28 -1.32615361464407E-09 -0.000218420297768913 0.0385456688101207
28.2 -1.0011795494699E-09 -0.000200611467212907 0.0369353723949517
28.4 -8.14425987217362E-11 -0.000184233445263226 0.0353842663143529
28.6 -5.42716681555814E-10 -0.000169174749147925 0.0338905721865276
28.8 -2.5609699605203E-10 -0.000155330072293757 0.032452533430901
29 6.71123501074811E-11 -0.000142604250918711 0.0310684196382684
29.2 -2.54443926172037E-10 -0.000130906261250628 0.0297365250299293
29.4 8.35087326142052E-10 -0.000120155867778566 0.0284551735688628
29.6 -4.61217678173972E-11 -0.000110277590735475 0.0272227171612975
29.8 -6.04415079969613E-10 -0.000101200762718112 0.0260375392525179
30 1.40416550410981E-11 -9.28614804208145E-05 0.0248980532004608
30.2 -8.72699096002919E-12 -8.52006120591985E-05 0.0238027052296
30.4 6.85722253230452E-10 -7.81649153332519E-05 0.022749974312974
30.6 1.10961136897586E-10 -7.17023421310935E-05 0.0217383714153054
30.8 -9.33107425221742E-11 -6.57678931748279E-05 0.0207664419533408
31 6.4353164703356E-10 -6.03190339457991E-05 0.0198327650814943
31.2 5.69032506615032E-10 -5.53161473176355E-05 0.0189359527697161
31.4 5.15159738917688E-10 -5.07230360510499E-05 0.0180746513697249
31.6 -2.63451503925797E-10 -4.65060740512076E-05 0.0172475405871536
31.8 -1.21098093873328E-09 -4.26361525028948E-05 0.0164533346665476
32 1.1291058875429E-11 -3.90838532773929E-05 0.0156907795005712
32.2 1.47925374615876E-11 -3.5823791725922E-05 0.0149586552793187
32.4 2.96081183849911E-11 -3.28319680889009E-05 0.0142557746658496
32.6 1.71955665442574E-10 -3.00871810611175E-05 0.0135809818539816
32.8 -6.5126465336867E-10 -2.75682309853944E-05 0.0129331531319473
33 -1.64580856475746E-10 -2.5256828601778E-05 0.0123111956989243
33.2 -6.50569732901868E-11 -2.31364735161133E-05 0.01171404798542
33.4 -1.02383443160504E-09 -2.11911880257316E-05 0.011140677240441
33.6 -6.44726602114793E-10 -1.94063223642466E-05 0.0105900800855302
33.8 -4.96667043141775E-10 -1.77687335059988E-05 0.0100612823709328
34 -1.12400877426041E-10 -1.62668205640565E-05 0.00955333725418007
34.2 2.26751435211222E-10 -1.48882867418638E-05 0.00906532511874357
34.4 -4.9976839848951E-10 -1.36237262540732E-05 0.00859635209276872
34.6 -3.42744532692117E-10 -1.24632556207354E-05 0.00814555057329524
34.8 6.52035599490913E-13 -1.13984287343104E-05 0.00771207697066752
35 4.66038351670164E-10 -1.0420512160225E-05 0.00729511106381841
35.2 5.95857634437868E-11 -9.52330342039652E-06 0.00689385689883094
35.4 -8.24937806056814E-10 -8.69921866629128E-06 0.00650753956697877
35.6 -5.06030598639178E-10 -7.94243554802301E-06 0.00613540616459528
35.8 5.61903190423334E-12 -7.24702061702327E-06 0.00577672235265943
36 2.94189242324407E-10 -6.60829986404406E-06 0.00543077542027492
36.2 8.42677914194337E-10 -6.02050819685087E-06 0.00509686935571545
36.4 -1.55336889744284E-10 -5.47933867501566E-06 0.00477432669406612
36.6 1.47591538386466E-10 -4.98070575627796E-06 0.00446248583430287
36.8 1.39652429611368E-10 -4.52081181897871E-06 0.00416070217323785
37 -6.29754851434746E-10 -4.09630431080513E-06 0.00386834490335562
37.2 -2.90723458236315E-10 -3.70340869709385E-06 0.00358479633033841
37.4 -3.52590497827939E-10 -3.3398846088719E-06 0.00330945292891706
37.6 -1.19669742213138E-10 -3.00241258209042E-06 0.00304172248589589
37.8 1.86175537936482E-10 -2.6882495332751E-06 0.00278102384288442
38 -1.54226675353289E-10 -2.39505019246735E-06 0.00252678536753765
38.2 -9.22011950639231E-11 -2.12104351908707E-06 0.00227844533582326
38.4 -1.65003538348894E-10 -1.86404440160864E-06 0.00203544872966773
38.6 -5.04872959487231E-10 -1.6214254714142E-06 0.00179724793180361
38.8 -3.32553289938407E-10 -1.39156090154973E-06 0.00156330036221488
39 -1.03546419929185E-09 -1.17283966025208E-06 0.0013330699848638
39.2 -2.58683807537087E-10 -9.63564892958216E-07 0.00110602323221029
39.4 -4.03292517580682E-10 -7.61686855511363E-07 0.000881629519202474
39.6 -1.4510986792427E-10 -5.66372199616432E-07 0.000659359348236036
39.8 7.93152390643401E-10 -3.75360392305702E-07 0.000438684477659166
40 7.86252233528546E-11 -1.87088395098303E-07 0.000219075221928688


0 0 0 0
0.0625 0.117426632851684 0.0414958851018309 0.0225854127273954
0.125 0.220624225646149 0.077843595357496 0.042356685472009
0.1875 0.31088591931765 0.10940046958184 0.0594983136856839
0.25 0.389400391535702 0.13650427529237 0.0741859630956249
0.3125 0.457259768091651 0.159474150315168 0.0865868219121359
0.375 0.515466959093229 0.178611502651501 0.0968599405506109
0.4375 0.564942460624406 0.194200870353712 0.10515655927538
0.5 0.606530659712633 0.206510743088694 0.111620424160486
0.5625 0.641005677822288 0.215794346999684 0.116388091750318
0.625 0.669076785648738 0.222290394412209 0.119589222791227
0.6875 0.691393419710044 0.226223799867626 0.121346865393795
0.75 0.708549829111522 0.227806363907769 0.121777727974329
0.8125 0.721089378881755 0.227237425976591 0.120992442313333
0.875 0.72950853443739 0.224704487749349 0.11909581705829
0.9375 0.734260550018998 0.220383808146731 0.116187081987874
1 0.735758882342885 0.214440971240177 0.112360123344896
1.0625 0.734380349226071 0.207031428205618 0.107703710535684
1.125 0.730468051556287 0.198301014435659 0.102301714484349
1.1875 0.724334075688766 0.188386442874957 0.0962333179213474
1.25 0.716261992150475 0.17741577460002 0.0895732178770249
1.3125 0.706509165414108 0.165508867622852 0.0823918206423452
1.375 0.695308888463053 0.152777804857728 0.0747554294507717
1.4375 0.682872354899442 0.139327302151815 0.0667264251272894
1.5 0.669390480445289 0.125255097243332 0.0583634399428084
1.5625 0.655035584847181 0.110652320475342 0.0497215249046745
1.625 0.639962944413631 0.0956038480591658 0.0408523107067226
1.6875 0.624312224687152 0.0801886386485512 0.0318041625552386
1.75 0.608208802076558 0.0644800539542673 0.0226223290803337
1.8125 0.591764982645599 0.0485461640985484 0.013349085535582
1.875 0.575081125668482 0.0324500383797624 0.00402387148232114
1.9375 0.558246679018131 0.0162500220898109 -0.00531657685124902
2 0.541341132946451 0 -0.0146380993521002
2.0625 0.524434898344647 -0.0162503528945744 -0.0239089897673625
2.125 0.507590115133558 -0.0324553328067437 -0.0330998782397955
2.1875 0.490861396026504 -0.0485729802233834 -0.0421836184668098
2.25 0.47429651052839 -0.0645648640869469 -0.0511351793214751
2.3125 0.457937013682697 -0.0803958765952476 -0.0599315407791575
2.375 0.441818823750652 -0.0960340381432531 -0.0685515939984785
2.4375 0.425972752702674 -0.111450311950741 -0.0769760454101782
2.5 0.410424993119494 -0.126618427938947 -0.0851873246722159
2.5625 0.395197564837623 -0.141514715437835 -0.0931694963540396
2.625 0.38030872442982 -0.156117944323364 -0.100908175217415
2.6875 0.36577334038443 -0.170409174201154 -0.108390444965529
2.75 0.351603236636892 -0.184371611269315 -0.115604780336283
2.8125 0.337807506911107 -0.197990472508828 -0.122540972419729
2.875 0.32439280214672 -0.211252856864972 -0.12919005708357
2.9375 0.311363593119715 -0.224147623097642 -0.135544246394449
3 0.298722410207184 -0.236665273992293 -0.141596862926441
3.0625 0.286470062101749 -0.24879784663648 -0.147342276851757
3.125 0.274605835146296 -0.260538808479715 -0.152775845712158
3.1875 0.263127674834459 -0.271882958906528 -0.157893856772901
3.25 0.252032350906193 -0.282826336064367 -0.162693471864354
3.3125 0.241315607360038 -0.293366128699154 -0.167172674619538
3.375 0.230972298603746 -0.303500592762087 -0.17133022001893
3.4375 0.220996512872273 -0.3132289725616 -0.175165586156833
3.5 0.211381683956229 -0.322551426244261 -0.178678928146489
3.5625 0.202120692204206 -0.331468955397878 -0.181871034083894
3.625 0.193205955688577 -0.339983338579172 -0.184743282992971
3.6875 0.184629512355956 -0.348097068577067 -0.18729760467738
3.75 0.176383093920068 -0.355813293231004 -0.189536441406755
3.8125 0.168458192196101 -0.363135759631686 -0.191462711367634
3.875 0.160846118521173 -0.370068761539304 -0.193079773811702
3.9375 0.153538056855209 -0.376617089861664 -0.194391395836275
4 0.146525111109873 -0.382785986041644 -0.195401720734172
4.0625 0.139798347210043 -0.388581098210159 -0.196115237852301
4.125 0.133348830352368 -0.394008439967276 -0.196536753900332
4.1875 0.127167657888518 -0.399074351660286 -0.196671365652891
4.25 0.121245988226494 -0.403785464033474 -0.196524433990636
4.3125 0.11557506611184 -0.408148664130002 -0.196101559227498
4.375 0.110146244621297 -0.412171063331731 -0.19540855767317
4.4375 0.104951004174482 -0.415859967428045 -0.194451439381738
4.5 0.0999809688441808 -0.419222848609676 -0.19323638703903
4.5625 0.0952279202228174 -0.422267319288319 -0.19176973594296
4.625 0.0906838090813519 -0.425001107647399 -0.190057955032714
4.6875 0.0863407650372013 -0.427432034833688 -0.188107628924214
4.75 0.082191104429646 -0.429567993703681 -0.185925440910786
4.8125 0.0782273365844375 -0.431416929042611 -0.183518156889419
4.875 0.0744421686338846 -0.432986819177844 -0.180892610174416
4.9375 0.0708285090444609 -0.434285658912023 -0.178055687161596
5 0.0673794699908547 -0.435321443704854 -0.175014313807537
5.0625 0.0640883687032932 -0.436102155035777 -0.171775442889622
5.125 0.060948727903839 -0.436635746882959 -0.168346042013872
5.1875 0.0579542754371053 -0.436930133257129 -0.164733082338773
5.25 0.0550989431914045 -0.436993176731689 -0.160943527984434
5.3125 0.0523768653976662 -0.436832677913348 -0.156984326097539
5.375 0.0497823763854824 -0.436456365800207 -0.15286239754365
5.4375 0.0473100078683079 -0.435871888976782 -0.14858462819943
5.5 0.0449544858231047 -0.435086807597898 -0.144157860818403
5.5625 0.0427107270235411 -0.434108586115733 -0.139588887444825
5.625 0.040573835280177 -0.432944586706525 -0.134884442351169
5.6875 0.0385390974358698 -0.43160206335559 -0.130051195475684
5.75 0.0366019791598612 -0.430088156561347 -0.12509574633731
5.8125 0.0347581205796393 -0.428409888620982 -0.120024618406153
5.875 0.0330033317856748 -0.426574159462272 -0.114844253908466
5.9375 0.0313335882404666 -0.424587742987831 -0.109561009045969
6 0.0297450261199963 -0.422457283899778 -0.104181149610017
6.0625 0.0282339376126323 -0.420189294974419 -0.0987108469719508
6.125 0.0267967661977403 -0.417790154758098 -0.0931561744316253
6.1875 0.0254301019237171 -0.415266105656844 -0.0875231039068241
6.25 0.0241306767028464 -0.41262325239385 -0.0818175029469489
6.3125 0.0228953596382745 -0.409867560810178 -0.0760451320549971
6.375 0.0217211523964828 -0.407004856985333 -0.0702116423024805
6.4375 0.0206051846368988 -0.404040826655625 -0.064322573222536
6.5 0.0195447095087084 -0.400981014909352 -0.0583833509670616
6.5625 0.0185370992235041 -0.397830826138994 -0.0523992867142696
6.625 0.0175798407111076 -0.394595524231627 -0.0463755753135988
6.6875 0.0166705313647437 -0.39128023297983 -0.0403172941554424
6.75 0.0158068748806809 -0.387889936696263 -0.0342294022536582
6.8125 0.014986677196514 -0.384429481016054 -0.0281167395293146
6.875 0.014207842531405 -0.380903573872001 -0.0219840262845963
6.9375 0.0134683695308387 -0.37731678662841 -0.0158358628562416
7 0.0127663475177632 -0.373673555360204 -0.0096767294383341
7.0625 0.0120999528513764 -0.369978182264678 -0.00351098606467768
7.125 0.0114674453942757 -0.366234837194014 0.00265712725859885
7.1875 0.0108671650882064 -0.362447559297325 0.00882349027917035
7.25 0.010297528638217 -0.358620258761679 0.0149841020919651
7.3125 0.00975702630465616 -0.354756718642149 0.0211350806081537
7.375 0.00924421880211475 -0.350860596771542 0.0272726619075502
7.4375 0.00875773430412959 -0.346935427741004 0.0333931994819501
7.5 0.0082962655522175 -0.342984624943246 0.0394931633766151
7.5625 0.00785856706759193 -0.339011482670626 0.0455691392367885
7.625 0.00744345246373208 -0.335019178260815 0.0516178272658289
7.6875 0.00704979185781894 -0.331010774283231 0.057636041101256
7.75 0.00667650937892316 -0.326989220759838 0.0636207066147223
7.8125 0.00632258077072288 -0.322957357414358 0.069568860641646
7.875 0.00598703108644405 -0.31891791594429 0.0754776496459972
7.9375 0.00566893247364793 -0.314873522310526 0.0813443283254561
8 0.00536740204644019 -0.310826699039711 0.087166258161935
8.0625 0.00508159984263987 -0.306779867534802 0.0929409059222249
8.125 0.0048107268634239 -0.302735350389608 0.0986658421132901
8.1875 0.00455402319295217 -0.298695373703418 0.104338739396533
8.25 0.00431076619547751 -0.294662069392045 0.109957370965137
8.3125 0.00408026878745395 -0.290637477491957 0.115519608888398
8.375 0.0038618777821734 -0.286623548454355 0.121023422426759
8.4375 0.00365497230448493 -0.282622145426339 0.126466876321098
8.5 0.00345896227318095 -0.278635046516508 0.1318481290596
8.5625 0.00327328694866992 -0.274663947042571 0.137165431125431
8.625 0.00309741354359562 -0.270710461758723 0.142417123228216
8.6875 0.00293083589410641 -0.266776127060763 0.1476016345222
8.75 0.00277307318952565 -0.262862403167087 0.152717480813806
8.8125 0.00262366875822378 -0.258970676273869 0.157763262761159
8.875 0.00248218890754529 -0.255102260682893 0.162737664068017
8.9375 0.00234822181569706 -0.251258400900675 0.167639449674399
9 0.00222137647356023 -0.247440273707624 0.172467463946091
9.0625 0.0021012816744438 -0.243648990196143 0.177220628865072
9.125 0.00198758504985496 -0.2398855977767 0.181897942222796
9.1875 0.00187995214941862 -0.236151082151003 0.186498475818149
9.25 0.0017780655631358 -0.232446369251532 0.19102137366179
9.3125 0.00168162408422795 -0.228772327146793 0.195465850188474
9.375 0.0015903419108713 -0.225129767911733 0.199831188478891
9.4375 0.00150394788518166 -0.221519449462877 0.204116738492394
9.5 0.00142218476786631 -0.217942077357804 0.20832191531198
9.5625 0.00134480854701446 -0.21439830655868 0.212446197402718
9.625 0.00127158777955218 -0.210888743159632 0.216489124884808
9.6875 0.00120230296394105 -0.207413946077818 0.22045029782232
9.75 0.00113674594275194 -0.203974428708103 0.224329374528618
9.8125 0.00107471933379653 -0.200570660541339 0.228126069889384
9.875 0.00101603598854912 -0.197203068746267 0.231840153704103
9.9375 0.000960518476640075 -0.193872039715132 0.235471449046785
10 0.000907998595249697 -0.190577920573155 0.239019830646652
10.0625 0.000858316902277563 -0.187321020652038 0.242485223289446
10.125 0.000811322272207259 -0.184101612927709 0.245867600239967
10.1875 0.000766871473630065 -0.180919935422595 0.249166981686385
10.25 0.000724828767433405 -0.17777619257268 0.252383433206821
10.3125 0.000685065524700845 -0.174670556559714 0.255517064258646
10.375 0.000647459863410094 -0.171603168608882 0.258568026690891
10.4375 0.000611896303053756 -0.168574140252362 0.26153651328012
10.5 0.00057826543634469 -0.165583554559132 0.264422756290085
10.5625 0.000546463617203568 -0.162631467331485 0.267227026055416
10.625 0.000516392664260751 -0.159717908268684 0.269949629589578
10.6875 0.000487959579137883 -0.156842882098226 0.272590909217302
10.75 0.000461076278806667 -0.154006369675181 0.275151241231621
10.8125 0.000435659341353158 -0.151208329050127 0.277631034575659
10.875 0.000411629764505628 -0.148448696506158 0.280030729549242
10.9375 0.000388912736312637 -0.145727387565494 0.282350796540411
11 0.000367437417385405 -0.143044297966223 0.284591734781862
11.0625 0.000347136734144991 -0.140399304609697 0.286754071132317
11.125 0.000327947182540124 -0.137792266479125 0.288838358882806
11.1875 0.000309808641725849 -0.135223025529912 0.290845176587835
11.25 0.000292664197216521 -0.132691407552286 0.292775126921345
11.3125 0.000276459973049036 -0.130197223006767 0.294628835557399
11.375 0.000261144972513665 -0.127740267833028 0.296406950075483
11.4375 0.000246670927030411 -0.125320324232711 0.298110138890294
11.5 0.000232992152768506 -0.122937161426736 0.299739090205875
11.5625 0.000220065414625527 -0.120590536387673 0.301294510993936
11.625 0.000207849797200645 -0.11828019454772 0.302777125996184
11.6875 0.000196306582413812 -0.116005870482835 0.304187676750483
11.75 0.000185399133439205 -0.113767288573576 0.305526920640628
11.8125 0.000175092784637019 -0.111564163643187 0.306795629969529
11.875 0.000165354737182839 -0.109396201573471 0.307994591055573
11.9375 0.000156153960108214 -0.107263099898988 0.309124603351924
12 0.000147461096479877 -0.105164548380102 0.310186478588526
12.0625 0.000139248374458172 -0.103100229555405 0.311181039936538
12.125 0.000131489522987878 -0.101069819274044 0.312109121194943
12.1875 0.000124159691886575 -0.0990729872084528 0.312971565999064
12.25 0.000117235376107161 -0.0971093973479998 0.313769227050693
12.3125 0.000110694343962075 -0.0951787084740569 0.314502965369567
12.375 0.000104515569107174 -0.0932805746169755 0.315173649565877
12.4375 9.86791660931619E-05 -0.0914146454954598 0.315782155133537
12.5 9.31663293019668E-05 -0.0895805669388152 0.316329363763887
12.5625 8.79592750944527E-05 -0.0877779812925433 0.316816162679548
12.625 8.30411870045037E-05 -0.0860065278077462 0.317243443988104
12.6875 7.8396163822694E-05 -0.084265843014797 0.317612104055305
12.75 7.40091704205853E-05 -0.0825555610817244 0.317923042897474
12.8125 6.98659911741311E-05 -0.0808753141577505 0.318177163592811
12.875 6.59531858517575E-05 -0.0792247327024139 0.31837537171125
12.9375 6.22580478394385E-05 -0.0776034458007022 0.318518574762591
13 5.87685645815074E-05 -0.0760110814646091 0.318607681662538
13.0625 5.54733801220629E-05 -0.0744472669215239 0.318643602216354
13.125 5.23617596376435E-05 -0.0729116288898511 0.318627246619812
13.1875 4.9423555857385E-05 -0.0714037938422527 0.318559524977088
13.25 4.66491772721385E-05 -0.069923388256895 0.31844134683532
13.3125 4.40295580390378E-05 -0.068470038857074 0.318273620735468
13.375 4.15561294927704E-05 -0.0670433728395868 0.31805725377919
13.4375 3.92207931793342E-05 -0.0656430180922056 0.317793151211393
13.5 3.70158953323703E-05 -0.0642686034006062 0.31748221601815
13.5625 3.49342027162565E-05 -0.0629197586450915 0.317125348539666
13.625 3.29688797640384E-05 -0.061596114987445 0.316723446097975
13.6875 3.11134669419703E-05 -0.0602973050482402 0.316277402639065
13.75 2.93618602759565E-05 -0.0590229630749243 0.31578810838911
13.8125 2.77082919785183E-05 -0.0577727251009877 0.315256449524502
13.875 2.61473121180865E-05 -0.0565462290965202 0.314683307855391
13.9375 2.46737712754312E-05 -0.0553431151104521 0.314069560522413
14 2.32828041348999E-05 -0.0541630254047666 0.313416079706312
14.0625 2.19698139608564E-05 -0.0530056045809639 0.312723732350171
14.125 2.07304579122877E-05 -0.0518704996990524 0.311993379893933
14.1875 1.95606331510006E-05 -0.0507573603893304 0.311225878020945
14.25 1.84564637011503E-05 -0.0496658389572203 0.310422076416227
14.3125 1.74142880200551E-05 -0.0485955904814058 0.309582818536182
14.375 1.64306472423418E-05 -0.0475462729055188 0.30870894138946
14.4375 1.55022740614576E-05 -0.0465175471236135 0.307801275328718
14.5 1.46260822144688E-05 -0.0455090770596618 0.306860643852976
14.5625 1.37991565378578E-05 -0.0445205297412932 0.305887863420323
14.625 1.30187435637268E-05 -0.0435515753680017 0.304883743270689
14.6875 1.22822426274282E-05 -0.04260188737403 0.303849085258431
14.75 1.15871974591691E-05 -0.0416711424861405 0.302784683694465
14.8125 1.09312882335872E-05 -0.0407590207764716 0.301691325197701
14.875 1.03123240526693E-05 -0.039865205710678 0.300569788555514
14.9375 9.72823583868622E-06 -0.0389893841915406 0.299420844593021
15 9.17706961505477E-06 -0.0381312465982328 0.298245256050903
15.0625 8.65698015420914E-06 -0.0372904868214202 0.297043777471548
15.125 8.16622497267312E-06 -0.036466802294367 0.295817155093269
15.1875 7.70315865457962E-06 -0.0356598940202164 0.294566126752367
15.25 7.26622748588054E-06 -0.0348694665956084 0.293291421792818
15.3125 6.85396438243678E-06 -0.0340952282307911 0.29199376098335
15.375 6.46498409607418E-06 -0.0333368907663794 0.290673856441698
15.4375 6.09797868354131E-06 -0.032594169686908 0.289332411565819
15.5 5.75171322410953E-06 -0.031866784131322 0.287970120971853
15.5625 5.42502177231892E-06 -0.0311544569005437 0.286587670438622
15.625 5.11680353309629E-06 -0.0304569144622489 0.285185736858469
15.6875 4.82601924715616E-06 -0.0297738869529836 0.283764988194228
15.75 4.55168777524412E-06 -0.0291051081777449 0.282326083442139
15.8125 4.29288287039652E-06 -0.0284503156071481 0.280869672600498
15.875 4.04873012797229E-06 -0.0278092503722977 0.279396396643878
15.9375 3.81840410376389E-06 -0.0271816572574742 0.277906887502715
16 3.60112559101629E-06 -0.0265672846907469 0.276401768048091
16.0625 3.39615904767726E-06 -0.0259658847326179 0.274881652081527
16.125 3.20281016567039E-06 -0.0253772130628004 0.27334714432962
16.1875 3.02042357442528E-06 -0.0248010289652275 0.271798840443354
16.25 2.84838067131918E-06 -0.0242370953113887 0.270237327001912
16.3125 2.68609757208151E-06 -0.0236851785420843 0.268663181520834
16.375 2.53302317458886E-06 -0.0231450486476868 0.267076972464355
16.4375 2.38863732983414E-06 -0.022616479146994 0.265479259261778
16.5 2.25244911419051E-06 -0.0220992470647562 0.263870592327716
16.5625 2.12399519740985E-06 -0.0215931329079559 0.262251513086067
16.625 2.00283830109725E-06 -0.0210979206409177 0.260622553997569
16.6875 1.88856574268908E-06 -0.0206133976593194 0.258984238590799
16.75 1.78078806023218E-06 -0.0201393547631775 0.257337081496474
16.8125 1.67913771351828E-06 -0.0196755861288723 0.255681588484916
16.875 1.58326785736912E-06 -0.0192218892802805 0.254018256506556
16.9375 1.49285118309764E-06 -0.0187780650590759 0.252347573735351
17 1.40757882438696E-06 -0.0183439175942601 0.250670019614971
17.0625 1.32715932403407E-06 -0.0179192542709804 0.248986064907654
17.125 1.25131765819946E-06 -0.0175038856986903 0.247296171745603
17.1875 1.17979431498715E-06 -0.0170976256787074 0.245600793684795
17.25 1.11234442435357E-06 -0.0167002911712183 0.243900375761118
17.3125 1.04873693650789E-06 -0.0163117022617806 0.242195354548695
17.375 9.88753846121732E-07 -0.0159316821273695 0.240486158220305
17.4375 9.32189459813366E-07 -0.0155600570020133 0.238773206609793
17.5 8.78849704510394E-07 -0.0151966561420615 0.237056911276369
17.5625 8.28551474426351E-07 -0.0148413117911275 0.23533767557069
17.625 7.81122014511151E-07 -0.0144938591447447 0.23361589470263
17.6875 7.3639833835275E-07 -0.0141541363147743 0.231891955810661
17.75 6.94226678618693E-07 -0.0138219842936015 0.230166238032721
17.8125 6.5446196823128E-07 -0.0134972469181539 0.228439112578514
17.875 6.16967350569578E-07 -0.013179770833776 0.226710942803137
17.9375 5.81613717085442E-07 -0.0128694054579914 0.224982084281951
18 5.48279270809655E-07 -0.0125660029441816 0.22325288488662
18.0625 5.16849114308258E-07 -0.0122694181452122 0.221523684862243
18.125 4.87214860728645E-07 -0.0119795085770318 0.219794816905489
18.1875 4.59274266650045E-07 -0.0116961343822712 0.218066606243672
18.25 4.3293088552405E-07 -0.0114191582938668 0.216339370714692
18.3125 4.08093740557919E-07 -0.0111484455987318 0.21461342084777
18.375 3.84677015956866E-07 -0.0108838641014986 0.212889059944907
18.4375 3.62599765501451E-07 -0.0106252840883516 0.21116658416301
18.5 3.41785637492912E-07 -0.0103725782909727 0.209446282596607
18.5625 3.22162615152815E-07 -0.0101256218506176 0.207728437361115
18.625 3.03662771614014E-07 -0.00988429228233994 0.206013323676563
18.6875 2.86222038687787E-07 -0.00964846943938293 0.204301209951753
18.75 2.69779988637202E-07 -0.00941803547775148 0.202592357868773
18.8125 2.54279628229497E-07 -0.00919287482098249 0.200887022467825
18.875 2.39667204380649E-07 -0.00897287412512629 0.199185452232312
18.9375 2.25892020743444E-07 -0.0087579222439531 0.197487889174125
19 2.12906264626416E-07 -0.00854791019439712 0.195794568919099
19.0625 2.00664843665091E-07 -0.00834273112225004 0.194105720792568
19.125 1.89125231699153E-07 -0.00814228026811519 0.192421567905005
19.1875 1.78247323339554E-07 -0.00794645493363254 0.190742327237664
19.25 1.67993296738333E-07 -0.0077551544479844 0.189068209728221
19.3125 1.58327484101029E-07 -0.00756828013469066 0.187399420356345
19.375 1.49216249507245E-07 -0.00738573527870206 0.185736158229174
19.4375 1.40627873629112E-07 -0.00720742509379916 0.184078616666657
19.5 1.32532444960308E-07 -0.00703325669030419 0.182426983286721
19.5625 1.24901757189893E-07 -0.0068631390431123 0.180781440090234
19.625 1.17709212375649E-07 -0.00669698296004837 0.179142163545727
19.6875 1.10929729590888E-07 -0.00653470105055472 0.177509324673844
19.75 1.0453965873691E-07 -0.00637620769471486 0.17588308913149
19.8125 9.85166992305274E-08 -0.00622141901261773 0.174263617295649
19.875 9.28398232922737E-08 -0.00607025283406657 0.17265106434684
19.9375 8.74892035763147E-08 -0.00592262866863597 0.171045580352184
20 8.24461448975423E-08 -0.00577846767608028 0.169447310348063
20.0625 7.76930198250369E-08 -0.00563769263709638 0.16785639442234
20.125 7.32132079240101E-08 -0.00550022792444293 0.166272967796116
20.1875 6.89910384405497E-08 -0.00536599947441843 0.164697160905008
20.25 6.50117362350173E-08 -0.00523493475869956 0.163129099479915
20.3125 6.12613707808389E-08 -0.00510696275654138 0.161568904627269
20.375 5.77268080557102E-08 -0.00498201392734025 0.160016692908731
20.4375 5.4395665161944E-08 -0.00486002018356032 0.158472576420335
20.5 5.12562675218564E-08 -0.00474091486402404 0.156936662871039
20.5625 4.82976085027437E-08 -0.00462463270756678 0.155409055660694
20.625 4.55093113341716E-08 -0.00451110982705563 0.153889853957385
20.6875 4.28815931880176E-08 -0.0044002836837719 0.152379152774159
20.75 4.04052312989897E-08 -0.00429209306215681 0.150877043045099
20.8125 3.80715310102234E-08 -0.00418647804491965 0.149383611700754
20.875 3.58722956350519E-08 -0.00408337998850723 0.147898941742899
20.9375 3.37997980321736E-08 -0.00398274149893364 0.14642311231861
21 3.184675379723E-08 -0.00388450640796872 0.144956198793662
21.0625 3.00062959792669E-08 -0.00378861974968377 0.143498272825218
21.125 2.8271951235712E-08 -0.00369502773735282 0.142049402433814
21.1875 2.66376173443672E-08 -0.00360367774070731 0.140609652074626
21.25 2.50975419955122E-08 -0.00351451826354249 0.139179082708011
21.3125 2.36463027915501E-08 -0.00342749892167298 0.137757751869316
21.375 2.22787883857235E-08 -0.00334257042123539 0.136345713737947
21.4375 2.09901806952912E-08 -0.00325968453733552 0.134943019205693
21.5 1.9775938128205E-08 -0.00317879409303742 0.133549715944298
21.5625 1.86317797657682E-08 -0.00309985293869185 0.132165848472276
21.625 1.75536704470074E-08 -0.00302281593160119 0.130791458220966
21.6875 1.65378067035544E-08 -0.00294763891601794 0.129426583599825
21.75 1.55806034967318E-08 -0.00287427870347399 0.128071260060945
21.8125 1.46786817112649E-08 -0.00280269305343742 0.126725520162809
21.875 1.38288563626224E-08 -0.00273284065429378 0.125389393633262
21.9375 1.30281254774211E-08 -0.00266468110464878 0.124062907431719
22 1.22736596086233E-08 -0.00259817489494891 0.122746085810579
22.0625 1.15627919494261E-08 -0.00253328338941686 0.12143895037588
22.125 1.08930090117831E-08 -0.0024699688082983 0.120141520147158
22.1875 1.02619418374292E-08 -0.00240819421041661 0.118853811616534
22.25 9.66735771110163E-09 -0.00234792347603209 0.117575838807023
22.3125 9.10715234736434E-09 -0.00228912129000223 0.116307613330055
22.375 8.57934252406845E-09 -0.00223175312523939 0.115049144442229
22.4375 8.08205913700702E-09 -0.00217578522646246 0.11380043910128
22.5 7.61354065176809E-09 -0.00212118459423877 0.112561502021273
22.5625 7.17212693015051E-09 -0.00206791896931281 0.111332335727025
22.625 6.75625340979217E-09 -0.00201595681721799 0.11011294060775
22.6875 6.36444561687231E-09 -0.0019652673131679 0.10890331496994
22.75 5.99531399289344E-09 -0.00191582032722332 0.107703455089469
22.8125 5.64754901762711E-09 -0.00186758640973145 0.106513355262944
22.875 5.31991661132609E-09 -0.00182053677703359 0.105333007858284
22.9375 5.01125380026567E-09 -0.0017746432974376 0.104162403364548
23 4.72046463058287E-09 -0.00172987847745156 0.103001530441002
23.0625 4.44651631623734E-09 -0.00168621544827487 0.101850375965444
23.125 4.1884356077237E-09 -0.00164362795254321 0.100708925081771
23.1875 3.94530536892617E-09 -0.00160209033132365 0.0995771612468138
23.25 3.71626135022358E-09 -0.00156157751135626 0.0984550662764248
23.3125 3.50048914663003E-09 -0.00152206499253867 0.0973426203908396
23.375 3.29722133039493E-09 -0.00148352883564987 0.0962398022593046
23.4375 3.10573474808847E-09 -0.00144594565030971 0.0951465890439834
23.5 2.92534797276666E-09 -0.00140929258317044 0.0940629564431427
23.5625 2.75541890234642E-09 -0.00137354730633691 0.0929888787336257
23.625 2.59534249582609E-09 -0.00133868800601158 0.0919243288126177
23.6875 2.44454863946415E-09 -0.00130469337136112 0.0908692782387072
23.75 2.30250013547837E-09 -0.00127154258360094 0.089823697272252
23.8125 2.16869080625186E-09 -0.00123921530529419 0.088787554915053
23.875 2.0426437074327E-09 -0.00120769166986182 0.0877608189493427
23.9375 1.92390944369109E-09 -0.00117695227130027 0.0867434559760947
24 1.81206458125397E-09 -0.00114697815410337 0.0857354314526596
24.0625 1.70671015167258E-09 -0.0011177508033851 0.0847367097297338
24.125 1.60747024159529E-09 -0.00108925213519988 0.0837472540876677
24.1875 1.51399066361637E-09 -0.00106146448705716 0.0827670267721187
24.25 1.42593770355297E-09 -0.00103437060862681 0.0817959890290572
24.3125 1.34299693976837E-09 -0.00100795365263241 0.08083410113913
24.375 1.26487213040978E-09 -0.000982197165928891 0.0798813224513888
24.4375 1.19128416466513E-09 -0.000957085080761638 0.0789376114163906
24.5 1.12197007436632E-09 -0.000932601706203698 0.0780029256186765
24.5625 1.056682102476E-09 -0.000908731719768142 0.0770772218086334
24.625 9.95186825193442E-10 -0.000885460159192432 0.0761604559337504
24.6875 9.37264324601531E-10 -0.000862772414391782 0.0752525831692714
24.75 8.82707408953246E-10 -0.000840654219578512 0.0743535579482529
24.8125 8.31320877861939E-10 -0.000819091645544446 0.0734633339910349
24.875 7.82920829816429E-10 -0.000798071092103403 0.0725818643341305
24.9375 7.37334009589572E-10 -0.000777579280690915 0.0717091013585396
25 6.94397193248201E-10 -0.000757603247118316 0.0708449968174979
25.0625 6.53956608603669E-10 -0.00073813033447837 0.0699895018636637
25.125 6.15867389065999E-10 -0.000719148186199687 0.0691425670757509
25.1875 5.79993058981392E-10 -0.000700644739247158 0.068304142484617
25.25 5.46205048642927E-10 -0.000682608217465728 0.0674741775988101
25.3125 5.14382237268029E-10 -0.000665027125064825 0.0666526214295831
25.375 4.84410522334162E-10 -0.000647890240240824 0.0658394225153835
25.4375 4.56182413756452E-10 -0.000631186608934946 0.0650345289458223
25.5 4.29596651477901E-10 -0.000614905538724044 0.064237888385132
25.5625 4.04557845124904E-10 -0.000599036592841755 0.0634494480951196
25.625 3.8097613445805E-10 -0.000583569584327531 0.0626691549576208
25.6875 3.58766869421124E-10 -0.000568494570301113 0.0618969554964622
25.75 3.3785030865992E-10 -0.000553801846360033 0.0611327958989406
25.8125 3.18151335447273E-10 -0.000539481941097779 0.0603766220368231
25.875 2.99599190011811E-10 -0.000525525610740272 0.0596283794868756
25.9375 2.82127217325493E-10 -0.000511923833898384 0.0588880135509292
26 2.65672629459293E-10 -0.000498667806434201 0.058155469275487
26.0625 2.50176281667569E-10 -0.000485748936438827 0.0574306914708803
26.125 2.35582461409905E-10 -0.000473158839319524 0.0567136247299819
26.1875 2.21838689564671E-10 -0.000460889332994038 0.0560042134464801
26.25 2.08895533131455E-10 -0.000448932433189983 0.0553024018327222
26.3125 1.967064287599E-10 -0.000437280348847196 0.0546081339371342
26.375 1.85227516480611E-10 -0.000425925477621017 0.0539213536612216
26.4375 1.74417483049679E-10 -0.00041486040148446 0.0532420047761584
26.5 1.64237414352257E-10 -0.000404077882427306 0.0525700309389722
26.5625 1.54650656342496E-10 -0.000393570858250149 0.0519053757083292
26.625 1.45622684027267E-10 -0.000383332438451494 0.0512479825599273
26.6875 1.37120978029421E-10 -0.000373355900205999 0.050597794901503
26.75 1.29114908293077E-10 -0.000363634684432028 0.0499547560874583
26.8125 1.21575624518626E-10 -0.000354162391946676 0.049318809433113
26.875 1.14475952938873E-10 -0.00034493277970649 0.048689898228591
26.9375 1.07790299070121E-10 -0.000335939757132113 0.0480679657523432
27 1.0149455609311E-10 -0.000327177382515131 0.0474529552843156
27.0625 9.55660185385969E-11 -0.00031863985950543 0.0468448101187676
27.125 8.99833009710971E-11 -0.000310321533677382 0.0462434735767473
27.1875 8.47262613819963E-11 -0.000302216889173236 0.0456488890182268
27.25 7.9775929019862E-11 -0.000294320545422103 0.0450609998539082
27.3125 7.51144364014935E-11 -0.000286627253932947 0.0444797495567009
27.375 7.07249552620333E-11 -0.000279131895160051 0.0439050816728794
27.4375 6.65916362163999E-11 -0.000271829475439413 0.0433369398329261
27.5 6.26995519174395E-11 -0.000264715123994605 0.042775267762064
27.5625 5.90346435085758E-11 -0.000257784090010606 0.0422200092904856
27.625 5.55836701804033E-11 -0.000251031739774185 0.0416711083632838
27.6875 5.23341616516695E-11 -0.000244453553879414 0.0411285090500894
27.75 4.92743734054511E-11 -0.00023804512449694 0.0405921555544201
27.8125 4.63932445210996E-11 -0.000231802152705631 0.0400619922227483
27.875 4.3680357951734E-11 -0.000225720445885298 0.0395379635532905
27.9375 4.11259031057346E-11 -0.000219795915169152 0.0390200142045252
28 3.87206405988651E-11 -0.000214024572954737 0.0385080890034434
28.0625 3.64558690513545E-11 -0.000208402530472066 0.0380021329535374
28.125 3.43233938115299E-11 -0.00020292599540774 0.0375020912425321
28.1875 3.2315497494435E-11 -0.000197591269583825 0.0370079092498649
28.25 3.04249122303103E-11 -0.000192394746690313 0.0365195325539176
28.3125 2.86447935238948E-11 -0.000187332910069998 0.0360369069390059
28.375 2.69686956312263E-11 -0.000182402330554631 0.0355599784021323
28.4375 2.53905483660169E-11 -0.000177599664351227 0.035088693159504
28.5 2.39046352527634E-11 -0.000172921650977439 0.0346229976528242
28.5625 2.25055729485406E-11 -0.000168365111244922 0.0341628385553581
28.625 2.1188291859943E-11 -0.000163926945289628 0.0337081627777809
28.6875 1.99480178858911E-11 -0.000159604130648006 0.0332589174738089
28.75 1.87802552210278E-11 -0.0001553937203781 0.0328150500456223
28.8125 1.7680770158208E-11 -0.000151292841224544 0.0323765081490801
28.875 1.66455758321413E-11 -0.000147298691826489 0.0319432396987331
28.9375 1.5670917849603E-11 -0.000143408540967513 0.0315151928726402
29 1.47532607547862E-11 -0.000139619725866578 0.0310923161169898
29.0625 1.38892752813467E-11 -0.000135929650509125 0.0306745581505318
29.125 1.30758263454972E-11 -0.000132335784017409 0.0302618679688252
29.1875 1.2309961737148E-11 -0.0001288356590592 0.0298541948483022
29.25 1.15889014685865E-11 -0.000125426870293994 0.0294514883501562
29.3125 1.09100277425289E-11 -0.000122107072855893 0.0290536983240548
29.375 1.02708755035925E-11 -0.000118873980872326 0.0286607749116839
29.4375 9.66912353931762E-12 -0.000115725366017813 0.028272668550124
29.5 9.10258609883214E-12 -0.000112659056101982 0.0278893299750656
29.5625 8.56920499909893E-12 -0.00010967293369106 0.0275107102238637
29.625 8.0670421904312E-12 -0.000106764934762088 0.0271367606384386
29.6875 7.59427275459976E-12 -0.000103933047389119 0.0267674328680233
29.75 7.14917831040421E-12 -0.000101175310460669 0.0264026788717637
29.8125 6.73014080303611E-12 -9.84898124277232E-05 0.0260424509211725
29.875 6.3356366549355E-12 -9.58746900815811E-05 0.0256867016024426
29.9375 5.964231257135E-12 -9.33281273608883E-05 0.0253353838186209
