0 0 9.99999971718069E-10
0.02 0.022564575 0.0225646773188034
0.04 0.045111106 0.0451112442107409
0.06 0.067621594 0.0676217244816384
0.08 0.090078126 0.0900782220585434
0.1 0.112462916 0.112462965622195
0.2 0.222702589 0.222702457858316
0.3 0.328626759 0.328626682729012
0.4 0.428392355 0.428392423467284
0.5 0.520499878 0.520500016304747
0.6 0.603856091 0.603856184849437
0.7 0.677801194 0.677801181856103
0.8 0.742100965 0.742100859742192
0.9 0.796908212 0.796908074913668
1 0.842700793 0.84270068974759
1.1 0.88020507 0.880205043203596
1.2 0.910313978 0.910314035506212
1.3 0.934007945 0.934008062438552
1.4 0.95228512 0.952285258268515
1.5 0.966105146 0.966105266402972
1.6 0.976348383 0.97634845580629
1.7 0.983790459 0.983790470207606
1.8 0.989090502 0.989090453811526
1.9 0.992790429 0.992790333976641
2 0.995322265 0.995322139581219
2.1 0.997020533 0.997020395440758
2.2 0.998137154 0.998137018211188
2.3 0.998856823 0.998856700762316
2.4 0.999311486 0.999311382118005
2.5 0.999593048 0.999592964536606
3 0.99997791 0.999977894851102
3.5 0.999999257 0.999999255782864


1 0.999999989064903 -1.09350976051914E-08
1 0.999999989064903 -1.09350976051914E-08
1 0.999999989064903 -1.09350976051914E-08
1 0.999999989064903 -1.09350976051914E-08
1 0.999999989064903 -1.09350976051914E-08
1 0.999999989064903 -1.09350976051914E-08
1 0.999999989064903 -1.09350976051914E-08
1 0.999999989064903 -1.09350976051914E-08
1 0.999999989064903 -1.09350976051914E-08
1 0.999999989064903 -1.09350976051914E-08
1 0.999999989064903 -1.09350976051914E-08
2 0.999999989064903 -1.09350976051914E-08
2 0.999999989064903 -1.09350976051914E-08
2 0.999999989064903 -1.09350976051914E-08
2 0.999999989064903 -1.09350976051914E-08
2 0.999999989064903 -1.09350976051914E-08
2 0.999999989064903 -1.09350976051914E-08
2 0.999999989064903 -1.09350976051914E-08
2 0.999999989064903 -1.09350976051914E-08
2 0.999999989064903 -1.09350976051914E-08
2 0.999999989064903 -1.09350976051914E-08
2 0.999999989064903 -1.09350976051914E-08
3 1.99999997812981 0.693147169624848
3 1.99999997812981 0.693147169624848
3 1.99999997812981 0.693147169624848
3 1.99999997812981 0.693147169624848
3 1.99999997812981 0.693147169624848
3 1.99999997812981 0.693147169624848
3 1.99999997812981 0.693147169624848
3 1.99999997812981 0.693147169624848
3 1.99999997812981 0.693147169624848
3 1.99999997812981 0.693147169624848
3 1.99999997812981 0.693147169624848
4 5.99999993438942 1.79175945829296
4 5.99999993438942 1.79175945829296
4 5.99999993438942 1.79175945829296
4 5.99999993438942 1.79175945829296
4 5.99999993438942 1.79175945829296
4 5.99999993438942 1.79175945829296
4 5.99999993438942 1.79175945829296
4 5.99999993438942 1.79175945829296
4 5.99999993438942 1.79175945829296
4 5.99999993438942 1.79175945829296
4 5.99999993438942 1.79175945829296
5 23.9999997375577 3.17805381941285
5 23.9999997375577 3.17805381941285
5 23.9999997375577 3.17805381941285
5 23.9999997375577 3.17805381941285
5 23.9999997375577 3.17805381941285
5 23.9999997375577 3.17805381941285
5 23.9999997375577 3.17805381941285
5 23.9999997375577 3.17805381941285
5 23.9999997375577 3.17805381941285
5 23.9999997375577 3.17805381941285
5 23.9999997375577 3.17805381941285
6 119.999998687788 4.78749173184695
6 119.999998687788 4.78749173184695
6 119.999998687788 4.78749173184695
6 119.999998687788 4.78749173184695
6 119.999998687788 4.78749173184695
6 119.999998687788 4.78749173184695
6 119.999998687788 4.78749173184695
6 119.999998687788 4.78749173184695
6 119.999998687788 4.78749173184695
6 119.999998687788 4.78749173184695
6 119.999998687788 4.78749173184695
7 719.99999212673 6.579251201075
7 719.99999212673 6.579251201075
7 719.99999212673 6.579251201075
7 719.99999212673 6.579251201075
7 719.99999212673 6.579251201075
7 719.99999212673 6.579251201075
7 719.99999212673 6.579251201075
7 719.99999212673 6.579251201075
7 719.99999212673 6.579251201075
7 719.99999212673 6.579251201075
7 719.99999212673 6.579251201075
8 5039.99994488711 8.52516135013032
8 5039.99994488711 8.52516135013032
8 5039.99994488711 8.52516135013032
8 5039.99994488711 8.52516135013032
8 5039.99994488711 8.52516135013032
8 5039.99994488711 8.52516135013032
8 5039.99994488711 8.52516135013032
8 5039.99994488711 8.52516135013032
8 5039.99994488711 8.52516135013032
8 5039.99994488711 8.52516135013032
8 5039.99994488711 8.52516135013032
9 40319.9995590969 10.6046028918102
9 40319.9995590969 10.6046028918102
9 40319.9995590969 10.6046028918102
9 40319.9995590969 10.6046028918102
9 40319.9995590969 10.6046028918102
9 40319.9995590969 10.6046028918102
9 40319.9995590969 10.6046028918102
9 40319.9995590969 10.6046028918102
9 40319.9995590969 10.6046028918102
9 40319.9995590969 10.6046028918102
9 40319.9995590969 10.6046028918102
10 362879.997652016 12.8018274736111


1 1 0
2 2 0.693147180559945
3 6 1.79175946922805
4 24 3.17805383034795
5 120 4.78749174278205
6 720 6.5792512120101
7 5040 8.52516136106541
8 40320 10.6046029027453
9 362880 12.8018274800815
10 3628800 15.1044125730755
