-9 1
-8 1
-7 1
-6 1
-5 1
-4 1
-3 1
-2 1
-1 1
0 1
1 1
2 1
3 1
4 1
5 1
6 1
7 1
8 1
9 1


-7 1 -2 0
-6.96875 1 -1.96875 0
-6.9375 1 -1.9375 0
-6.90625 1 -1.90625 0
-6.875 1 -1.875 0
-6.84375 1 -1.84375 0
-6.8125 1 -1.8125 0
-6.78125 1 -1.78125 0
-6.75 1 -1.75 0
-6.71875 1 -1.71875 0
-6.6875 1 -1.6875 0
-6.65625 1 -1.65625 0
-6.625 1 -1.625 0
-6.59375 1 -1.59375 0
-6.5625 1 -1.5625 0
-6.53125 1 -1.53125 0
-6.5 1 -1.5 0
-6.46875 1 -1.46875 0
-6.4375 1 -1.4375 0
-6.40625 1 -1.40625 0
-6.375 1 -1.375 0
-6.34375 1 -1.34375 0
-6.3125 1 -1.3125 0
-6.28125 1 -1.28125 0
-6.25 1 -1.25 0
-6.21875 1 -1.21875 0
-6.1875 1 -1.1875 0
-6.15625 1 -1.15625 0
-6.125 1 -1.125 0
-6.09375 1 -1.09375 0
-6.0625 1 -1.0625 0
-6.03125 1 -1.03125 0
-6 1 -1 0
-5.96875 1 -0.96875 0
-5.9375 1 -0.9375 0
-5.90625 1 -0.90625 0
-5.875 1 -0.875 0
-5.84375 1 -0.84375 0
-5.8125 1 -0.8125 0
-5.78125 1 -0.78125 0
-5.75 1 -0.75 0
-5.71875 1 -0.71875 0
-5.6875 1 -0.6875 0
-5.65625 1 -0.65625 0
-5.625 1 -0.625 0
-5.59375 1 -0.59375 0
-5.5625 1 -0.5625 0
-5.53125 1 -0.53125 0
-5.5 1 -0.5 0
-5.46875 1 -0.46875 0
-5.4375 1 -0.4375 0
-5.40625 1 -0.40625 0
-5.375 1 -0.375 0
-5.34375 1 -0.34375 0
-5.3125 1 -0.3125 0
-5.28125 1 -0.28125 0
-5.25 1 -0.25 0
-5.21875 1 -0.21875 0
-5.1875 1 -0.1875 0
-5.15625 1 -0.15625 0
-5.125 1 -0.125 0
-5.09375 1 -0.09375 0
-5.0625 1 -0.0625 0
-5.03125 1 -0.03125 0
-5 1 0 0
-4.96875 1 0.03125 0
-4.9375 1 0.0625 0
-4.90625 1 0.09375 0
-4.875 1 0.125 0
-4.84375 1 0.15625 0
-4.8125 1 0.1875 0
-4.78125 1 0.21875 0
-4.75 1 0.25 0
-4.71875 1 0.28125 0
-4.6875 1 0.3125 0
-4.65625 1 0.34375 0
-4.625 1 0.375 0
-4.59375 1 0.40625 0
-4.5625 1 0.4375 0
-4.53125 1 0.46875 0
-4.5 1 0.5 0
-4.46875 1 0.53125 0
-4.4375 1 0.5625 0
-4.40625 1 0.59375 0
-4.375 1 0.625 0
-4.34375 1 0.65625 0
-4.3125 1 0.6875 0
-4.28125 1 0.71875 0
-4.25 1 0.75 0
-4.21875 1 0.78125 0
-4.1875 1 0.8125 0
-4.15625 1 0.84375 0
-4.125 1 0.875 0
-4.09375 1 0.90625 0
-4.0625 1 0.9375 0
-4.03125 1 0.96875 0
-4 1 1 0
-3.96875 1 1.03125 0
-3.9375 1 1.0625 0
-3.90625 1 1.09375 0
-3.875 1 1.125 0
-3.84375 1 1.15625 0
-3.8125 1 1.1875 0
-3.78125 1 1.21875 0
-3.75 1 1.25 0
-3.71875 1 1.28125 0
-3.6875 1 1.3125 0
-3.65625 1 1.34375 0
-3.625 1 1.375 0
-3.59375 1 1.40625 0
-3.5625 1 1.4375 0
-3.53125 1 1.46875 0
-3.5 1 1.5 0
-3.46875 1 1.53125 0
-3.4375 1 1.5625 0
-3.40625 1 1.59375 0
-3.375 1 1.625 0
-3.34375 1 1.65625 0
-3.3125 1 1.6875 0
-3.28125 1 1.71875 0
-3.25 1 1.75 0
-3.21875 1 1.78125 0
-3.1875 1 1.8125 0
-3.15625 1 1.84375 0
-3.125 1 1.875 0
-3.09375 1 1.90625 0
-3.0625 1 1.9375 0
-3.03125 1 1.96875 0
-3 1 2 0
-2.96875 1 2.03125 0
-2.9375 1 2.0625 0
-2.90625 1 2.09375 0
-2.875 1 2.125 0
-2.84375 1 2.15625 0
-2.8125 1 2.1875 0
-2.78125 1 2.21875 0
-2.75 1 2.25 0
-2.71875 1 2.28125 0
-2.6875 1 2.3125 0
-2.65625 1 2.34375 0
-2.625 1 2.375 0
-2.59375 1 2.40625 0
-2.5625 1 2.4375 0
-2.53125 1 2.46875 0
-2.5 1 2.5 0
-2.46875 1 2.53125 0
-2.4375 1 2.5625 0
-2.40625 1 2.59375 0
-2.375 1 2.625 0
-2.34375 1 2.65625 0
-2.3125 1 2.6875 0
-2.28125 1 2.71875 0
-2.25 1 2.75 0
-2.21875 1 2.78125 0
-2.1875 1 2.8125 0
-2.15625 1 2.84375 0
-2.125 1 2.875 0
-2.09375 1 2.90625 0
-2.0625 1 2.9375 0
-2.03125 1 2.96875 0
-2 1 3 0
-1.96875 1 3.03125 0
-1.9375 1 3.0625 0
-1.90625 1 3.09375 0
-1.875 1 3.125 0
-1.84375 1 3.15625 0
-1.8125 1 3.1875 0
-1.78125 1 3.21875 0
-1.75 1 3.25 0
-1.71875 1 3.28125 0
-1.6875 1 3.3125 0
-1.65625 1 3.34375 0
-1.625 1 3.375 0
-1.59375 1 3.40625 0
-1.5625 1 3.4375 0
-1.53125 1 3.46875 0
-1.5 1 3.5 0
-1.46875 1 3.53125 0
-1.4375 1 3.5625 0
-1.40625 1 3.59375 0
-1.375 1 3.625 0
-1.34375 1 3.65625 0
-1.3125 1 3.6875 0
-1.28125 1 3.71875 0
-1.25 1 3.75 0
-1.21875 1 3.78125 0
-1.1875 1 3.8125 0
-1.15625 1 3.84375 0
-1.125 1 3.875 0
-1.09375 1 3.90625 0
-1.0625 1 3.9375 0
-1.03125 1 3.96875 0
-1 1 4 0
-0.96875 1 4.03125 0
-0.9375 1 4.0625 0
-0.90625 1 4.09375 0
-0.875 1 4.125 0
-0.84375 1 4.15625 0
-0.8125 1 4.1875 0
-0.78125 1 4.21875 0
-0.75 1 4.25 0
-0.71875 1 4.28125 0
-0.6875 1 4.3125 0
-0.65625 1 4.34375 0
-0.625 1 4.375 0
-0.59375 1 4.40625 0
-0.5625 1 4.4375 0
-0.53125 1 4.46875 0
-0.5 1 4.5 0
-0.46875 1 4.53125 0
-0.4375 1 4.5625 0
-0.40625 1 4.59375 0
-0.375 1 4.625 0
-0.34375 1 4.65625 0
-0.3125 1 4.6875 0
-0.28125 1 4.71875 0
-0.25 1 4.75 0
-0.21875 1 4.78125 0
-0.1875 1 4.8125 0
-0.15625 1 4.84375 0
-0.125 1 4.875 0
-0.09375 1 4.90625 0
-0.0625 1 4.9375 0
-0.03125 1 4.96875 0
0 1 5 0
0.03125 1 5.03125 0
0.0625 1 5.0625 0
0.09375 1 5.09375 0
0.125 1 5.125 0
0.15625 1 5.15625 0
0.1875 1 5.1875 0
0.21875 1 5.21875 0
0.25 1 5.25 0
0.28125 1 5.28125 0
0.3125 1 5.3125 0
0.34375 1 5.34375 0
0.375 1 5.375 0
0.40625 1 5.40625 0
0.4375 1 5.4375 0
0.46875 1 5.46875 0
0.5 1 5.5 0
0.53125 1 5.53125 0
0.5625 1 5.5625 0
0.59375 1 5.59375 0
0.625 1 5.625 0
0.65625 1 5.65625 0
0.6875 1 5.6875 0
0.71875 1 5.71875 0
0.75 1 5.75 0
0.78125 1 5.78125 0
0.8125 1 5.8125 0
0.84375 1 5.84375 0
0.875 1 5.875 0
0.90625 1 5.90625 0
0.9375 1 5.9375 0
0.96875 1 5.96875 0
1 1 6 0
1.03125 1 6.03125 0
1.0625 1 6.0625 0
1.09375 1 6.09375 0
1.125 1 6.125 0
1.15625 1 6.15625 0
1.1875 1 6.1875 0
1.21875 1 6.21875 0
1.25 1 6.25 0
1.28125 1 6.28125 0
1.3125 1 6.3125 0
1.34375 1 6.34375 0
1.375 1 6.375 0
1.40625 1 6.40625 0
1.4375 1 6.4375 0
1.46875 1 6.46875 0
1.5 1 6.5 0
1.53125 1 6.53125 0
1.5625 1 6.5625 0
1.59375 1 6.59375 0
1.625 1 6.625 0
1.65625 1 6.65625 0
1.6875 1 6.6875 0
1.71875 1 6.71875 0
1.75 1 6.75 0
1.78125 1 6.78125 0
1.8125 1 6.8125 0
1.84375 1 6.84375 0
1.875 1 6.875 0
1.90625 1 6.90625 0
1.9375 1 6.9375 0
1.96875 1 6.96875 0
2 1 7 0
2.03125 1 7.03125 0
2.0625 1 7.0625 0
2.09375 1 7.09375 0
2.125 1 7.125 0
2.15625 1 7.15625 0
2.1875 1 7.1875 0
2.21875 1 7.21875 0
2.25 1 7.25 0
2.28125 1 7.28125 0
2.3125 1 7.3125 0
2.34375 1 7.34375 0
2.375 1 7.375 0
2.40625 1 7.40625 0
2.4375 1 7.4375 0
2.46875 1 7.46875 0
2.5 1 7.5 0
2.53125 1 7.53125 0
2.5625 1 7.5625 0
2.59375 1 7.59375 0
2.625 1 7.625 0
2.65625 1 7.65625 0
2.6875 1 7.6875 0
2.71875 1 7.71875 0
2.75 1 7.75 0
2.78125 1 7.78125 0
2.8125 1 7.8125 0
2.84375 1 7.84375 0
2.875 1 7.875 0
2.90625 1 7.90625 0
2.9375 1 7.9375 0
2.96875 1 7.96875 0
3 1 8 0
3.03125 1 8.03125 0
3.0625 1 8.0625 0
3.09375 1 8.09375 0
3.125 1 8.125 0
3.15625 1 8.15625 0
3.1875 1 8.1875 0
3.21875 1 8.21875 0
3.25 1 8.25 0
3.28125 1 8.28125 0
3.3125 1 8.3125 0
3.34375 1 8.34375 0
3.375 1 8.375 0
3.40625 1 8.40625 0
3.4375 1 8.4375 0
3.46875 1 8.46875 0
3.5 1 8.5 0
3.53125 1 8.53125 0
3.5625 1 8.5625 0
3.59375 1 8.59375 0
3.625 1 8.625 0
3.65625 1 8.65625 0
3.6875 1 8.6875 0
3.71875 1 8.71875 0
3.75 1 8.75 0
3.78125 1 8.78125 0
3.8125 1 8.8125 0
3.84375 1 8.84375 0
3.875 1 8.875 0
3.90625 1 8.90625 0
3.9375 1 8.9375 0
3.96875 1 8.96875 0
4 1 9 0
4.03125 1 9.03125 0
4.0625 1 9.0625 0
4.09375 1 9.09375 0
4.125 1 9.125 0
4.15625 1 9.15625 0
4.1875 1 9.1875 0
4.21875 1 9.21875 0
4.25 1 9.25 0
4.28125 1 9.28125 0
4.3125 1 9.3125 0
4.34375 1 9.34375 0
4.375 1 9.375 0
4.40625 1 9.40625 0
4.4375 1 9.4375 0
4.46875 1 9.46875 0
4.5 1 9.5 0
4.53125 1 9.53125 0
4.5625 1 9.5625 0
4.59375 1 9.59375 0
4.625 1 9.625 0
4.65625 1 9.65625 0
4.6875 1 9.6875 0
4.71875 1 9.71875 0
4.75 1 9.75 0
4.78125 1 9.78125 0
4.8125 1 9.8125 0
4.84375 1 9.84375 0
4.875 1 9.875 0
4.90625 1 9.90625 0
4.9375 1 9.9375 0
4.96875 1 9.96875 0
5 1 10 0
5.03125 1 10.03125 0
5.0625 1 10.0625 0
5.09375 1 10.09375 0
5.125 1 10.125 0
5.15625 1 10.15625 0
5.1875 1 10.1875 0
5.21875 1 10.21875 0
5.25 1 10.25 0
5.28125 1 10.28125 0
5.3125 1 10.3125 0
5.34375 1 10.34375 0
5.375 1 10.375 0
5.40625 1 10.40625 0
5.4375 1 10.4375 0
5.46875 1 10.46875 0
5.5 1 10.5 0
5.53125 1 10.53125 0
5.5625 1 10.5625 0
5.59375 1 10.59375 0
5.625 1 10.625 0
5.65625 1 10.65625 0
5.6875 1 10.6875 0
5.71875 1 10.71875 0
5.75 1 10.75 0
5.78125 1 10.78125 0
5.8125 1 10.8125 0
5.84375 1 10.84375 0
5.875 1 10.875 0
5.90625 1 10.90625 0
5.9375 1 10.9375 0
5.96875 1 10.96875 0
6 1 11 0
6.03125 1 11.03125 0
6.0625 1 11.0625 0
6.09375 1 11.09375 0
6.125 1 11.125 0
6.15625 1 11.15625 0
6.1875 1 11.1875 0
6.21875 1 11.21875 0
6.25 1 11.25 0
6.28125 1 11.28125 0
6.3125 1 11.3125 0
6.34375 1 11.34375 0
6.375 1 11.375 0
6.40625 1 11.40625 0
6.4375 1 11.4375 0
6.46875 1 11.46875 0
6.5 1 11.5 0
6.53125 1 11.53125 0
6.5625 1 11.5625 0
6.59375 1 11.59375 0
6.625 1 11.625 0
6.65625 1 11.65625 0
6.6875 1 11.6875 0
6.71875 1 11.71875 0
6.75 1 11.75 0
6.78125 1 11.78125 0
6.8125 1 11.8125 0
6.84375 1 11.84375 0
6.875 1 11.875 0
6.90625 1 11.90625 0
6.9375 1 11.9375 0
6.96875 1 11.96875 0
7 1 12 0


-9 -9
-8 -8
-7 -7
-6 -6
-5 -5
-4 -4
-3 -3
-2 -2
-1 -1
0 0
1 1
2 2
3 3
4 4
5 5
6 6
7 7
8 8
9 9


-7 -7 -9.5 1
-6.96875 -6.96875 -9.71826171875 1
-6.9375 -6.9375 -9.935546875 1
-6.90625 -6.90625 -10.15185546875 1
-6.875 -6.875 -10.3671875 1
-6.84375 -6.84375 -10.58154296875 1
-6.8125 -6.8125 -10.794921875 1
-6.78125 -6.78125 -11.00732421875 1
-6.75 -6.75 -11.21875 1
-6.71875 -6.71875 -11.42919921875 1
-6.6875 -6.6875 -11.638671875 1
-6.65625 -6.65625 -11.84716796875 1
-6.625 -6.625 -12.0546875 1
-6.59375 -6.59375 -12.26123046875 1
-6.5625 -6.5625 -12.466796875 1
-6.53125 -6.53125 -12.67138671875 1
-6.5 -6.5 -12.875 1
-6.46875 -6.46875 -13.07763671875 1
-6.4375 -6.4375 -13.279296875 1
-6.40625 -6.40625 -13.47998046875 1
-6.375 -6.375 -13.6796875 1
-6.34375 -6.34375 -13.87841796875 1
-6.3125 -6.3125 -14.076171875 1
-6.28125 -6.28125 -14.27294921875 1
-6.25 -6.25 -14.46875 1
-6.21875 -6.21875 -14.66357421875 1
-6.1875 -6.1875 -14.857421875 1
-6.15625 -6.15625 -15.05029296875 1
-6.125 -6.125 -15.2421875 1
-6.09375 -6.09375 -15.43310546875 1
-6.0625 -6.0625 -15.623046875 1
-6.03125 -6.03125 -15.81201171875 1
-6 -6 -16 1
-5.96875 -5.96875 -16.18701171875 1
-5.9375 -5.9375 -16.373046875 1
-5.90625 -5.90625 -16.55810546875 1
-5.875 -5.875 -16.7421875 1
-5.84375 -5.84375 -16.92529296875 1
-5.8125 -5.8125 -17.107421875 1
-5.78125 -5.78125 -17.28857421875 1
-5.75 -5.75 -17.46875 1
-5.71875 -5.71875 -17.64794921875 1
-5.6875 -5.6875 -17.826171875 1
-5.65625 -5.65625 -18.00341796875 1
-5.625 -5.625 -18.1796875 1
-5.59375 -5.59375 -18.35498046875 1
-5.5625 -5.5625 -18.529296875 1
-5.53125 -5.53125 -18.70263671875 1
-5.5 -5.5 -18.875 1
-5.46875 -5.46875 -19.04638671875 1
-5.4375 -5.4375 -19.216796875 1
-5.40625 -5.40625 -19.38623046875 1
-5.375 -5.375 -19.5546875 1
-5.34375 -5.34375 -19.72216796875 1
-5.3125 -5.3125 -19.888671875 1
-5.28125 -5.28125 -20.05419921875 1
-5.25 -5.25 -20.21875 1
-5.21875 -5.21875 -20.38232421875 1
-5.1875 -5.1875 -20.544921875 1
-5.15625 -5.15625 -20.70654296875 1
-5.125 -5.125 -20.8671875 1
-5.09375 -5.09375 -21.02685546875 1
-5.0625 -5.0625 -21.185546875 1
-5.03125 -5.03125 -21.34326171875 1
-5 -5 -21.5 1
-4.96875 -4.96875 -21.65576171875 1
-4.9375 -4.9375 -21.810546875 1
-4.90625 -4.90625 -21.96435546875 1
-4.875 -4.875 -22.1171875 1
-4.84375 -4.84375 -22.26904296875 1
-4.8125 -4.8125 -22.419921875 1
-4.78125 -4.78125 -22.56982421875 1
-4.75 -4.75 -22.71875 1
-4.71875 -4.71875 -22.86669921875 1
-4.6875 -4.6875 -23.013671875 1
-4.65625 -4.65625 -23.15966796875 1
-4.625 -4.625 -23.3046875 1
-4.59375 -4.59375 -23.44873046875 1
-4.5625 -4.5625 -23.591796875 1
-4.53125 -4.53125 -23.73388671875 1
-4.5 -4.5 -23.875 1
-4.46875 -4.46875 -24.01513671875 1
-4.4375 -4.4375 -24.154296875 1
-4.40625 -4.40625 -24.29248046875 1
-4.375 -4.375 -24.4296875 1
-4.34375 -4.34375 -24.56591796875 1
-4.3125 -4.3125 -24.701171875 1
-4.28125 -4.28125 -24.83544921875 1
-4.25 -4.25 -24.96875 1
-4.21875 -4.21875 -25.10107421875 1
-4.1875 -4.1875 -25.232421875 1
-4.15625 -4.15625 -25.36279296875 1
-4.125 -4.125 -25.4921875 1
-4.09375 -4.09375 -25.62060546875 1
-4.0625 -4.0625 -25.748046875 1
-4.03125 -4.03125 -25.87451171875 1
-4 -4 -26 1
-3.96875 -3.96875 -26.12451171875 1
-3.9375 -3.9375 -26.248046875 1
-3.90625 -3.90625 -26.37060546875 1
-3.875 -3.875 -26.4921875 1
-3.84375 -3.84375 -26.61279296875 1
-3.8125 -3.8125 -26.732421875 1
-3.78125 -3.78125 -26.85107421875 1
-3.75 -3.75 -26.96875 1
-3.71875 -3.71875 -27.08544921875 1
-3.6875 -3.6875 -27.201171875 1
-3.65625 -3.65625 -27.31591796875 1
-3.625 -3.625 -27.4296875 1
-3.59375 -3.59375 -27.54248046875 1
-3.5625 -3.5625 -27.654296875 1
-3.53125 -3.53125 -27.76513671875 1
-3.5 -3.5 -27.875 1
-3.46875 -3.46875 -27.98388671875 1
-3.4375 -3.4375 -28.091796875 1
-3.40625 -3.40625 -28.19873046875 1
-3.375 -3.375 -28.3046875 1
-3.34375 -3.34375 -28.40966796875 1
-3.3125 -3.3125 -28.513671875 1
-3.28125 -3.28125 -28.61669921875 1
-3.25 -3.25 -28.71875 1
-3.21875 -3.21875 -28.81982421875 1
-3.1875 -3.1875 -28.919921875 1
-3.15625 -3.15625 -29.01904296875 1
-3.125 -3.125 -29.1171875 1
-3.09375 -3.09375 -29.21435546875 1
-3.0625 -3.0625 -29.310546875 1
-3.03125 -3.03125 -29.40576171875 1
-3 -3 -29.5 1
-2.96875 -2.96875 -29.59326171875 1
-2.9375 -2.9375 -29.685546875 1
-2.90625 -2.90625 -29.77685546875 1
-2.875 -2.875 -29.8671875 1
-2.84375 -2.84375 -29.95654296875 1
-2.8125 -2.8125 -30.044921875 1
-2.78125 -2.78125 -30.13232421875 1
-2.75 -2.75 -30.21875 1
-2.71875 -2.71875 -30.30419921875 1
-2.6875 -2.6875 -30.388671875 1
-2.65625 -2.65625 -30.47216796875 1
-2.625 -2.625 -30.5546875 1
-2.59375 -2.59375 -30.63623046875 1
-2.5625 -2.5625 -30.716796875 1
-2.53125 -2.53125 -30.79638671875 1
-2.5 -2.5 -30.875 1
-2.46875 -2.46875 -30.95263671875 1
-2.4375 -2.4375 -31.029296875 1
-2.40625 -2.40625 -31.10498046875 1
-2.375 -2.375 -31.1796875 1
-2.34375 -2.34375 -31.25341796875 1
-2.3125 -2.3125 -31.326171875 1
-2.28125 -2.28125 -31.39794921875 1
-2.25 -2.25 -31.46875 1
-2.21875 -2.21875 -31.53857421875 1
-2.1875 -2.1875 -31.607421875 1
-2.15625 -2.15625 -31.67529296875 1
-2.125 -2.125 -31.7421875 1
-2.09375 -2.09375 -31.80810546875 1
-2.0625 -2.0625 -31.873046875 1
-2.03125 -2.03125 -31.93701171875 1
-2 -2 -32 1
-1.96875 -1.96875 -32.06201171875 1
-1.9375 -1.9375 -32.123046875 1
-1.90625 -1.90625 -32.18310546875 1
-1.875 -1.875 -32.2421875 1
-1.84375 -1.84375 -32.30029296875 1
-1.8125 -1.8125 -32.357421875 1
-1.78125 -1.78125 -32.41357421875 1
-1.75 -1.75 -32.46875 1
-1.71875 -1.71875 -32.52294921875 1
-1.6875 -1.6875 -32.576171875 1
-1.65625 -1.65625 -32.62841796875 1
-1.625 -1.625 -32.6796875 1
-1.59375 -1.59375 -32.72998046875 1
-1.5625 -1.5625 -32.779296875 1
-1.53125 -1.53125 -32.82763671875 1
-1.5 -1.5 -32.875 1
-1.46875 -1.46875 -32.92138671875 1
-1.4375 -1.4375 -32.966796875 1
-1.40625 -1.40625 -33.01123046875 1
-1.375 -1.375 -33.0546875 1
-1.34375 -1.34375 -33.09716796875 1
-1.3125 -1.3125 -33.138671875 1
-1.28125 -1.28125 -33.17919921875 1
-1.25 -1.25 -33.21875 1
-1.21875 -1.21875 -33.25732421875 1
-1.1875 -1.1875 -33.294921875 1
-1.15625 -1.15625 -33.33154296875 1
-1.125 -1.125 -33.3671875 1
-1.09375 -1.09375 -33.40185546875 1
-1.0625 -1.0625 -33.435546875 1
-1.03125 -1.03125 -33.46826171875 1
-1 -1 -33.5 1
-0.96875 -0.96875 -33.53076171875 1
-0.9375 -0.9375 -33.560546875 1
-0.90625 -0.90625 -33.58935546875 1
-0.875 -0.875 -33.6171875 1
-0.84375 -0.84375 -33.64404296875 1
-0.8125 -0.8125 -33.669921875 1
-0.78125 -0.78125 -33.69482421875 1
-0.75 -0.75 -33.71875 1
-0.71875 -0.71875 -33.74169921875 1
-0.6875 -0.6875 -33.763671875 1
-0.65625 -0.65625 -33.78466796875 1
-0.625 -0.625 -33.8046875 1
-0.59375 -0.59375 -33.82373046875 1
-0.5625 -0.5625 -33.841796875 1
-0.53125 -0.53125 -33.85888671875 1
-0.5 -0.5 -33.875 1
-0.46875 -0.46875 -33.89013671875 1
-0.4375 -0.4375 -33.904296875 1
-0.40625 -0.40625 -33.91748046875 1
-0.375 -0.375 -33.9296875 1
-0.34375 -0.34375 -33.94091796875 1
-0.3125 -0.3125 -33.951171875 1
-0.28125 -0.28125 -33.96044921875 1
-0.25 -0.25 -33.96875 1
-0.21875 -0.21875 -33.97607421875 1
-0.1875 -0.1875 -33.982421875 1
-0.15625 -0.15625 -33.98779296875 1
-0.125 -0.125 -33.9921875 1
-0.09375 -0.09375 -33.99560546875 1
-0.0625 -0.0625 -33.998046875 1
-0.03125 -0.03125 -33.99951171875 1
0 0 -34 1
0.03125 0.03125 -33.99951171875 1
0.0625 0.0625 -33.998046875 1
0.09375 0.09375 -33.99560546875 1
0.125 0.125 -33.9921875 1
0.15625 0.15625 -33.98779296875 1
0.1875 0.1875 -33.982421875 1
0.21875 0.21875 -33.97607421875 1
0.25 0.25 -33.96875 1
0.28125 0.28125 -33.96044921875 1
0.3125 0.3125 -33.951171875 1
0.34375 0.34375 -33.94091796875 1
0.375 0.375 -33.9296875 1
0.40625 0.40625 -33.91748046875 1
0.4375 0.4375 -33.904296875 1
0.46875 0.46875 -33.89013671875 1
0.5 0.5 -33.875 1
0.53125 0.53125 -33.85888671875 1
0.5625 0.5625 -33.841796875 1
0.59375 0.59375 -33.82373046875 1
0.625 0.625 -33.8046875 1
0.65625 0.65625 -33.78466796875 1
0.6875 0.6875 -33.763671875 1
0.71875 0.71875 -33.74169921875 1
0.75 0.75 -33.71875 1
0.78125 0.78125 -33.69482421875 1
0.8125 0.8125 -33.669921875 1
0.84375 0.84375 -33.64404296875 1
0.875 0.875 -33.6171875 1
0.90625 0.90625 -33.58935546875 1
0.9375 0.9375 -33.560546875 1
0.96875 0.96875 -33.53076171875 1
1 1 -33.5 1
1.03125 1.03125 -33.46826171875 1
1.0625 1.0625 -33.435546875 1
1.09375 1.09375 -33.40185546875 1
1.125 1.125 -33.3671875 1
1.15625 1.15625 -33.33154296875 1
1.1875 1.1875 -33.294921875 1
1.21875 1.21875 -33.25732421875 1
1.25 1.25 -33.21875 1
1.28125 1.28125 -33.17919921875 1
1.3125 1.3125 -33.138671875 1
1.34375 1.34375 -33.09716796875 1
1.375 1.375 -33.0546875 1
1.40625 1.40625 -33.01123046875 1
1.4375 1.4375 -32.966796875 1
1.46875 1.46875 -32.92138671875 1
1.5 1.5 -32.875 1
1.53125 1.53125 -32.82763671875 1
1.5625 1.5625 -32.779296875 1
1.59375 1.59375 -32.72998046875 1
1.625 1.625 -32.6796875 1
1.65625 1.65625 -32.62841796875 1
1.6875 1.6875 -32.576171875 1
1.71875 1.71875 -32.52294921875 1
1.75 1.75 -32.46875 1
1.78125 1.78125 -32.41357421875 1
1.8125 1.8125 -32.357421875 1
1.84375 1.84375 -32.30029296875 1
1.875 1.875 -32.2421875 1
1.90625 1.90625 -32.18310546875 1
1.9375 1.9375 -32.123046875 1
1.96875 1.96875 -32.06201171875 1
2 2 -32 1
2.03125 2.03125 -31.93701171875 1
2.0625 2.0625 -31.873046875 1
2.09375 2.09375 -31.80810546875 1
2.125 2.125 -31.7421875 1
2.15625 2.15625 -31.67529296875 1
2.1875 2.1875 -31.607421875 1
2.21875 2.21875 -31.53857421875 1
2.25 2.25 -31.46875 1
2.28125 2.28125 -31.39794921875 1
2.3125 2.3125 -31.326171875 1
2.34375 2.34375 -31.25341796875 1
2.375 2.375 -31.1796875 1
2.40625 2.40625 -31.10498046875 1
2.4375 2.4375 -31.029296875 1
2.46875 2.46875 -30.95263671875 1
2.5 2.5 -30.875 1
2.53125 2.53125 -30.79638671875 1
2.5625 2.5625 -30.716796875 1
2.59375 2.59375 -30.63623046875 1
2.625 2.625 -30.5546875 1
2.65625 2.65625 -30.47216796875 1
2.6875 2.6875 -30.388671875 1
2.71875 2.71875 -30.30419921875 1
2.75 2.75 -30.21875 1
2.78125 2.78125 -30.13232421875 1
2.8125 2.8125 -30.044921875 1
2.84375 2.84375 -29.95654296875 1
2.875 2.875 -29.8671875 1
2.90625 2.90625 -29.77685546875 1
2.9375 2.9375 -29.685546875 1
2.96875 2.96875 -29.59326171875 1
3 3 -29.5 1
3.03125 3.03125 -29.40576171875 1
3.0625 3.0625 -29.310546875 1
3.09375 3.09375 -29.21435546875 1
3.125 3.125 -29.1171875 1
3.15625 3.15625 -29.01904296875 1
3.1875 3.1875 -28.919921875 1
3.21875 3.21875 -28.81982421875 1
3.25 3.25 -28.71875 1
3.28125 3.28125 -28.61669921875 1
3.3125 3.3125 -28.513671875 1
3.34375 3.34375 -28.40966796875 1
3.375 3.375 -28.3046875 1
3.40625 3.40625 -28.19873046875 1
3.4375 3.4375 -28.091796875 1
3.46875 3.46875 -27.98388671875 1
3.5 3.5 -27.875 1
3.53125 3.53125 -27.76513671875 1
3.5625 3.5625 -27.654296875 1
3.59375 3.59375 -27.54248046875 1
3.625 3.625 -27.4296875 1
3.65625 3.65625 -27.31591796875 1
3.6875 3.6875 -27.201171875 1
3.71875 3.71875 -27.08544921875 1
3.75 3.75 -26.96875 1
3.78125 3.78125 -26.85107421875 1
3.8125 3.8125 -26.732421875 1
3.84375 3.84375 -26.61279296875 1
3.875 3.875 -26.4921875 1
3.90625 3.90625 -26.37060546875 1
3.9375 3.9375 -26.248046875 1
3.96875 3.96875 -26.12451171875 1
4 4 -26 1
4.03125 4.03125 -25.87451171875 1
4.0625 4.0625 -25.748046875 1
4.09375 4.09375 -25.62060546875 1
4.125 4.125 -25.4921875 1
4.15625 4.15625 -25.36279296875 1
4.1875 4.1875 -25.232421875 1
4.21875 4.21875 -25.10107421875 1
4.25 4.25 -24.96875 1
4.28125 4.28125 -24.83544921875 1
4.3125 4.3125 -24.701171875 1
4.34375 4.34375 -24.56591796875 1
4.375 4.375 -24.4296875 1
4.40625 4.40625 -24.29248046875 1
4.4375 4.4375 -24.154296875 1
4.46875 4.46875 -24.01513671875 1
4.5 4.5 -23.875 1
4.53125 4.53125 -23.73388671875 1
4.5625 4.5625 -23.591796875 1
4.59375 4.59375 -23.44873046875 1
4.625 4.625 -23.3046875 1
4.65625 4.65625 -23.15966796875 1
4.6875 4.6875 -23.013671875 1
4.71875 4.71875 -22.86669921875 1
4.75 4.75 -22.71875 1
4.78125 4.78125 -22.56982421875 1
4.8125 4.8125 -22.419921875 1
4.84375 4.84375 -22.26904296875 1
4.875 4.875 -22.1171875 1
4.90625 4.90625 -21.96435546875 1
4.9375 4.9375 -21.810546875 1
4.96875 4.96875 -21.65576171875 1
5 5 -21.5 1
5.03125 5.03125 -21.34326171875 1
5.0625 5.0625 -21.185546875 1
5.09375 5.09375 -21.02685546875 1
5.125 5.125 -20.8671875 1
5.15625 5.15625 -20.70654296875 1
5.1875 5.1875 -20.544921875 1
5.21875 5.21875 -20.38232421875 1
5.25 5.25 -20.21875 1
5.28125 5.28125 -20.05419921875 1
5.3125 5.3125 -19.888671875 1
5.34375 5.34375 -19.72216796875 1
5.375 5.375 -19.5546875 1
5.40625 5.40625 -19.38623046875 1
5.4375 5.4375 -19.216796875 1
5.46875 5.46875 -19.04638671875 1
5.5 5.5 -18.875 1
5.53125 5.53125 -18.70263671875 1
5.5625 5.5625 -18.529296875 1
5.59375 5.59375 -18.35498046875 1
5.625 5.625 -18.1796875 1
5.65625 5.65625 -18.00341796875 1
5.6875 5.6875 -17.826171875 1
5.71875 5.71875 -17.64794921875 1
5.75 5.75 -17.46875 1
5.78125 5.78125 -17.28857421875 1
5.8125 5.8125 -17.107421875 1
5.84375 5.84375 -16.92529296875 1
5.875 5.875 -16.7421875 1
5.90625 5.90625 -16.55810546875 1
5.9375 5.9375 -16.373046875 1
5.96875 5.96875 -16.18701171875 1
6 6 -16 1
6.03125 6.03125 -15.81201171875 1
6.0625 6.0625 -15.623046875 1
6.09375 6.09375 -15.43310546875 1
6.125 6.125 -15.2421875 1
6.15625 6.15625 -15.05029296875 1
6.1875 6.1875 -14.857421875 1
6.21875 6.21875 -14.66357421875 1
6.25 6.25 -14.46875 1
6.28125 6.28125 -14.27294921875 1
6.3125 6.3125 -14.076171875 1
6.34375 6.34375 -13.87841796875 1
6.375 6.375 -13.6796875 1
6.40625 6.40625 -13.47998046875 1
6.4375 6.4375 -13.279296875 1
6.46875 6.46875 -13.07763671875 1
6.5 6.5 -12.875 1
6.53125 6.53125 -12.67138671875 1
6.5625 6.5625 -12.466796875 1
6.59375 6.59375 -12.26123046875 1
6.625 6.625 -12.0546875 1
6.65625 6.65625 -11.84716796875 1
6.6875 6.6875 -11.638671875 1
6.71875 6.71875 -11.42919921875 1
6.75 6.75 -11.21875 1
6.78125 6.78125 -11.00732421875 1
6.8125 6.8125 -10.794921875 1
6.84375 6.84375 -10.58154296875 1
6.875 6.875 -10.3671875 1
6.90625 6.90625 -10.15185546875 1
6.9375 6.9375 -9.935546875 1
6.96875 6.96875 -9.71826171875 1
7 7 -9.5 1


-9 81
-8 64
-7 49
-6 36
-5 25
-4 16
-3 9
-2 4
-1 1
0 0
1 1
2 4
3 9
4 16
5 25
6 36
7 49
8 64
9 81


-5 25 172 -9
-4.96875 24.71875 172.77685546875 -9
-4.9375 24.4375 173.544921875 -9
-4.90625 24.15625 174.30419921875 -9
-4.875 23.875 175.0546875 -9
-4.84375 23.59375 175.79638671875 -9
-4.8125 23.3125 176.529296875 -9
-4.78125 23.03125 177.25341796875 -9
-4.75 22.75 177.96875 -9
-4.71875 22.46875 178.67529296875 -9
-4.6875 22.1875 179.373046875 -9
-4.65625 21.90625 180.06201171875 -9
-4.625 21.625 180.7421875 -9
-4.59375 21.34375 181.41357421875 -9
-4.5625 21.0625 182.076171875 -9
-4.53125 20.78125 182.72998046875 -9
-4.5 20.5 183.375 -9
-4.46875 20.21875 184.01123046875 -9
-4.4375 19.9375 184.638671875 -9
-4.40625 19.65625 185.25732421875 -9
-4.375 19.375 185.8671875 -9
-4.34375 19.09375 186.46826171875 -9
-4.3125 18.8125 187.060546875 -9
-4.28125 18.53125 187.64404296875 -9
-4.25 18.25 188.21875 -9
-4.21875 17.96875 188.78466796875 -9
-4.1875 17.6875 189.341796875 -9
-4.15625 17.40625 189.89013671875 -9
-4.125 17.125 190.4296875 -9
-4.09375 16.84375 190.96044921875 -9
-4.0625 16.5625 191.482421875 -9
-4.03125 16.28125 191.99560546875 -9
-4 16 192.5 -9
-3.96875 15.720703125 192.99658203125 -8.875
-3.9375 15.4453125 193.486328125 -8.75
-3.90625 15.173828125 193.96923828125 -8.625
-3.875 14.90625 194.4453125 -8.5
-3.84375 14.642578125 194.91455078125 -8.375
-3.8125 14.3828125 195.376953125 -8.25
-3.78125 14.126953125 195.83251953125 -8.125
-3.75 13.875 196.28125 -8
-3.71875 13.626953125 196.72314453125 -7.875
-3.6875 13.3828125 197.158203125 -7.75
-3.65625 13.142578125 197.58642578125 -7.625
-3.625 12.90625 198.0078125 -7.5
-3.59375 12.673828125 198.42236328125 -7.375
-3.5625 12.4453125 198.830078125 -7.25
-3.53125 12.220703125 199.23095703125 -7.125
-3.5 12 199.625 -7
-3.46875 11.783203125 200.01220703125 -6.875
-3.4375 11.5703125 200.392578125 -6.75
-3.40625 11.361328125 200.76611328125 -6.625
-3.375 11.15625 201.1328125 -6.5
-3.34375 10.955078125 201.49267578125 -6.375
-3.3125 10.7578125 201.845703125 -6.25
-3.28125 10.564453125 202.19189453125 -6.125
-3.25 10.375 202.53125 -6
-3.21875 10.189453125 202.86376953125 -5.875
-3.1875 10.0078125 203.189453125 -5.75
-3.15625 9.830078125 203.50830078125 -5.625
-3.125 9.65625 203.8203125 -5.5
-3.09375 9.486328125 204.12548828125 -5.375
-3.0625 9.3203125 204.423828125 -5.25
-3.03125 9.158203125 204.71533203125 -5.125
-3 9 205 -5
-2.96875 8.84375 205.27880859375 -5
-2.9375 8.6875 205.552734375 -5
-2.90625 8.53125 205.82177734375 -5
-2.875 8.375 206.0859375 -5
-2.84375 8.21875 206.34521484375 -5
-2.8125 8.0625 206.599609375 -5
-2.78125 7.90625 206.84912109375 -5
-2.75 7.75 207.09375 -5
-2.71875 7.59375 207.33349609375 -5
-2.6875 7.4375 207.568359375 -5
-2.65625 7.28125 207.79833984375 -5
-2.625 7.125 208.0234375 -5
-2.59375 6.96875 208.24365234375 -5
-2.5625 6.8125 208.458984375 -5
-2.53125 6.65625 208.66943359375 -5
-2.5 6.5 208.875 -5
-2.46875 6.34375 209.07568359375 -5
-2.4375 6.1875 209.271484375 -5
-2.40625 6.03125 209.46240234375 -5
-2.375 5.875 209.6484375 -5
-2.34375 5.71875 209.82958984375 -5
-2.3125 5.5625 210.005859375 -5
-2.28125 5.40625 210.17724609375 -5
-2.25 5.25 210.34375 -5
-2.21875 5.09375 210.50537109375 -5
-2.1875 4.9375 210.662109375 -5
-2.15625 4.78125 210.81396484375 -5
-2.125 4.625 210.9609375 -5
-2.09375 4.46875 211.10302734375 -5
-2.0625 4.3125 211.240234375 -5
-2.03125 4.15625 211.37255859375 -5
-2 4 211.5 -5
-1.96875 3.845703125 211.62353515625 -4.875
-1.9375 3.6953125 211.744140625 -4.75
-1.90625 3.548828125 211.86181640625 -4.625
-1.875 3.40625 211.9765625 -4.5
-1.84375 3.267578125 212.08837890625 -4.375
-1.8125 3.1328125 212.197265625 -4.25
-1.78125 3.001953125 212.30322265625 -4.125
-1.75 2.875 212.40625 -4
-1.71875 2.751953125 212.50634765625 -3.875
-1.6875 2.6328125 212.603515625 -3.75
-1.65625 2.517578125 212.69775390625 -3.625
-1.625 2.40625 212.7890625 -3.5
-1.59375 2.298828125 212.87744140625 -3.375
-1.5625 2.1953125 212.962890625 -3.25
-1.53125 2.095703125 213.04541015625 -3.125
-1.5 2 213.125 -3
-1.46875 1.908203125 213.20166015625 -2.875
-1.4375 1.8203125 213.275390625 -2.75
-1.40625 1.736328125 213.34619140625 -2.625
-1.375 1.65625 213.4140625 -2.5
-1.34375 1.580078125 213.47900390625 -2.375
-1.3125 1.5078125 213.541015625 -2.25
-1.28125 1.439453125 213.60009765625 -2.125
-1.25 1.375 213.65625 -2
-1.21875 1.314453125 213.70947265625 -1.875
-1.1875 1.2578125 213.759765625 -1.75
-1.15625 1.205078125 213.80712890625 -1.625
-1.125 1.15625 213.8515625 -1.5
-1.09375 1.111328125 213.89306640625 -1.375
-1.0625 1.0703125 213.931640625 -1.25
-1.03125 1.033203125 213.96728515625 -1.125
-1 1 214 -1
-0.96875 0.96875 214.03076171875 -1
-0.9375 0.9375 214.060546875 -1
-0.90625 0.90625 214.08935546875 -1
-0.875 0.875 214.1171875 -1
-0.84375 0.84375 214.14404296875 -1
-0.8125 0.8125 214.169921875 -1
-0.78125 0.78125 214.19482421875 -1
-0.75 0.75 214.21875 -1
-0.71875 0.71875 214.24169921875 -1
-0.6875 0.6875 214.263671875 -1
-0.65625 0.65625 214.28466796875 -1
-0.625 0.625 214.3046875 -1
-0.59375 0.59375 214.32373046875 -1
-0.5625 0.5625 214.341796875 -1
-0.53125 0.53125 214.35888671875 -1
-0.5 0.5 214.375 -1
-0.46875 0.46875 214.39013671875 -1
-0.4375 0.4375 214.404296875 -1
-0.40625 0.40625 214.41748046875 -1
-0.375 0.375 214.4296875 -1
-0.34375 0.34375 214.44091796875 -1
-0.3125 0.3125 214.451171875 -1
-0.28125 0.28125 214.46044921875 -1
-0.25 0.25 214.46875 -1
-0.21875 0.21875 214.47607421875 -1
-0.1875 0.1875 214.482421875 -1
-0.15625 0.15625 214.48779296875 -1
-0.125 0.125 214.4921875 -1
-0.09375 0.09375 214.49560546875 -1
-0.0625 0.0625 214.498046875 -1
-0.03125 0.03125 214.49951171875 -1
0 0 214.5 -1
0.03125 -0.029296875 214.50048828125 -0.875
0.0625 -0.0546875 214.501953125 -0.75
0.09375 -0.076171875 214.50439453125 -0.625
0.125 -0.09375 214.5078125 -0.5
0.15625 -0.107421875 214.51220703125 -0.375
0.1875 -0.1171875 214.517578125 -0.25
0.21875 -0.123046875 214.52392578125 -0.125
0.25 -0.125 214.53125 0
0.28125 -0.123046875 214.53955078125 0.125
0.3125 -0.1171875 214.548828125 0.25
0.34375 -0.107421875 214.55908203125 0.375
0.375 -0.09375 214.5703125 0.5
0.40625 -0.076171875 214.58251953125 0.625
0.4375 -0.0546875 214.595703125 0.75
0.46875 -0.029296875 214.60986328125 0.875
0.5 0 214.625 1
0.53125 0.033203125 214.64111328125 1.125
0.5625 0.0703125 214.658203125 1.25
0.59375 0.111328125 214.67626953125 1.375
0.625 0.15625 214.6953125 1.5
0.65625 0.205078125 214.71533203125 1.625
0.6875 0.2578125 214.736328125 1.75
0.71875 0.314453125 214.75830078125 1.875
0.75 0.375 214.78125 2
0.78125 0.439453125 214.80517578125 2.125
0.8125 0.5078125 214.830078125 2.25
0.84375 0.580078125 214.85595703125 2.375
0.875 0.65625 214.8828125 2.5
0.90625 0.736328125 214.91064453125 2.625
0.9375 0.8203125 214.939453125 2.75
0.96875 0.908203125 214.96923828125 2.875
1 1 215 3
1.03125 1.09375 215.03271484375 3
1.0625 1.1875 215.068359375 3
1.09375 1.28125 215.10693359375 3
1.125 1.375 215.1484375 3
1.15625 1.46875 215.19287109375 3
1.1875 1.5625 215.240234375 3
1.21875 1.65625 215.29052734375 3
1.25 1.75 215.34375 3
1.28125 1.84375 215.39990234375 3
1.3125 1.9375 215.458984375 3
1.34375 2.03125 215.52099609375 3
1.375 2.125 215.5859375 3
1.40625 2.21875 215.65380859375 3
1.4375 2.3125 215.724609375 3
1.46875 2.40625 215.79833984375 3
1.5 2.5 215.875 3
1.53125 2.59375 215.95458984375 3
1.5625 2.6875 216.037109375 3
1.59375 2.78125 216.12255859375 3
1.625 2.875 216.2109375 3
1.65625 2.96875 216.30224609375 3
1.6875 3.0625 216.396484375 3
1.71875 3.15625 216.49365234375 3
1.75 3.25 216.59375 3
1.78125 3.34375 216.69677734375 3
1.8125 3.4375 216.802734375 3
1.84375 3.53125 216.91162109375 3
1.875 3.625 217.0234375 3
1.90625 3.71875 217.13818359375 3
1.9375 3.8125 217.255859375 3
1.96875 3.90625 217.37646484375 3
2 4 217.5 3
2.03125 4.095703125 217.62744140625 3.125
2.0625 4.1953125 217.759765625 3.25
2.09375 4.298828125 217.89697265625 3.375
2.125 4.40625 218.0390625 3.5
2.15625 4.517578125 218.18603515625 3.625
2.1875 4.6328125 218.337890625 3.75
2.21875 4.751953125 218.49462890625 3.875
2.25 4.875 218.65625 4
2.28125 5.001953125 218.82275390625 4.125
2.3125 5.1328125 218.994140625 4.25
2.34375 5.267578125 219.17041015625 4.375
2.375 5.40625 219.3515625 4.5
2.40625 5.548828125 219.53759765625 4.625
2.4375 5.6953125 219.728515625 4.75
2.46875 5.845703125 219.92431640625 4.875
2.5 6 220.125 5
2.53125 6.158203125 220.33056640625 5.125
2.5625 6.3203125 220.541015625 5.25
2.59375 6.486328125 220.75634765625 5.375
2.625 6.65625 220.9765625 5.5
2.65625 6.830078125 221.20166015625 5.625
2.6875 7.0078125 221.431640625 5.75
2.71875 7.189453125 221.66650390625 5.875
2.75 7.375 221.90625 6
2.78125 7.564453125 222.15087890625 6.125
2.8125 7.7578125 222.400390625 6.25
2.84375 7.955078125 222.65478515625 6.375
2.875 8.15625 222.9140625 6.5
2.90625 8.361328125 223.17822265625 6.625
2.9375 8.5703125 223.447265625 6.75
2.96875 8.783203125 223.72119140625 6.875
3 9 224 7
3.03125 9.21875 224.28466796875 7
3.0625 9.4375 224.576171875 7
3.09375 9.65625 224.87451171875 7
3.125 9.875 225.1796875 7
3.15625 10.09375 225.49169921875 7
3.1875 10.3125 225.810546875 7
3.21875 10.53125 226.13623046875 7
3.25 10.75 226.46875 7
3.28125 10.96875 226.80810546875 7
3.3125 11.1875 227.154296875 7
3.34375 11.40625 227.50732421875 7
3.375 11.625 227.8671875 7
3.40625 11.84375 228.23388671875 7
3.4375 12.0625 228.607421875 7
3.46875 12.28125 228.98779296875 7
3.5 12.5 229.375 7
3.53125 12.71875 229.76904296875 7
3.5625 12.9375 230.169921875 7
3.59375 13.15625 230.57763671875 7
3.625 13.375 230.9921875 7
3.65625 13.59375 231.41357421875 7
3.6875 13.8125 231.841796875 7
3.71875 14.03125 232.27685546875 7
3.75 14.25 232.71875 7
3.78125 14.46875 233.16748046875 7
3.8125 14.6875 233.623046875 7
3.84375 14.90625 234.08544921875 7
3.875 15.125 234.5546875 7
3.90625 15.34375 235.03076171875 7
3.9375 15.5625 235.513671875 7
3.96875 15.78125 236.00341796875 7
4 16 236.5 7
4.03125 16.220703125 237.00439453125 7.125
4.0625 16.4453125 237.517578125 7.25
4.09375 16.673828125 238.03955078125 7.375
4.125 16.90625 238.5703125 7.5
4.15625 17.142578125 239.10986328125 7.625
4.1875 17.3828125 239.658203125 7.75
4.21875 17.626953125 240.21533203125 7.875
4.25 17.875 240.78125 8
4.28125 18.126953125 241.35595703125 8.125
4.3125 18.3828125 241.939453125 8.25
4.34375 18.642578125 242.53173828125 8.375
4.375 18.90625 243.1328125 8.5
4.40625 19.173828125 243.74267578125 8.625
4.4375 19.4453125 244.361328125 8.75
4.46875 19.720703125 244.98876953125 8.875
4.5 20 245.625 9
4.53125 20.283203125 246.27001953125 9.125
4.5625 20.5703125 246.923828125 9.25
4.59375 20.861328125 247.58642578125 9.375
4.625 21.15625 248.2578125 9.5
4.65625 21.455078125 248.93798828125 9.625
4.6875 21.7578125 249.626953125 9.75
4.71875 22.064453125 250.32470703125 9.875
4.75 22.375 251.03125 10
4.78125 22.689453125 251.74658203125 10.125
4.8125 23.0078125 252.470703125 10.25
4.84375 23.330078125 253.20361328125 10.375
4.875 23.65625 253.9453125 10.5
4.90625 23.986328125 254.69580078125 10.625
4.9375 24.3203125 255.455078125 10.75
4.96875 24.658203125 256.22314453125 10.875
5 25 257 11
