0.305766141650158 0.417668374915453
0.306384076665959 0.417520654475452
0.30700201168176 0.417372444462602
0.307619946697561 0.417223744847727
0.308237881713362 0.417074555601647
0.308855816729163 0.416924876695188
0.309473751744964 0.416774708099171
0.310091686760765 0.416624049784419
0.310709621776566 0.416472901721755
0.311327556792367 0.416321263882001
0.311945491808168 0.416169136235982
0.312563426823969 0.416016518754519
0.31318136183977 0.415863411408435
0.313799296855571 0.415709814168554
0.314417231871372 0.415555727005697
0.315035166887173 0.415401149890689
0.315653101902974 0.415246082794351
0.316271036918775 0.415090525687506
0.316888971934576 0.414934478540978
0.317506906950377 0.414777941325589
0.318124841966178 0.414620914012161
0.318742776981979 0.414463396571519
0.31936071199778 0.414305388974484
0.319978647013581 0.41414689119188
0.320596582029382 0.413987903194529
0.321214517045183 0.413828424953254
0.321832452060984 0.413668456438878
0.322450387076785 0.413507997622224
0.323068322092586 0.413347048474114
0.323686257108387 0.413185608965372
0.324304192124188 0.41302367906682
0.324922127139989 0.412861258749281
0.32554006215579 0.412698347983579
0.326157997171591 0.412534946740534
0.326775932187392 0.412371054990972
0.327393867203193 0.412206672705713
0.328011802218994 0.412041799855582
0.328629737234795 0.411876436411401
0.329247672250596 0.411710582343993
0.329865607266397 0.411544237624181
0.330483542282198 0.411377402222787
0.331101477297999 0.411210076110635
0.3317194123138 0.411042259258547
0.332337347329601 0.410873951637345
0.332955282345402 0.410705153217854
0.333573217361203 0.410535863970895
0.334191152377004 0.410366083867292
0.334809087392805 0.410195812877867
0.335427022408606 0.410025050973444
0.336044957424407 0.409853798124844
0.336662892440208 0.409682054302891
0.337280827456009 0.409509819478408
0.33789876247181 0.409337093622218
0.338516697487611 0.409163876705142
0.339134632503412 0.408990168698005
0.339752567519213 0.408815969571629
0.340370502535014 0.408641279296837
0.340988437550815 0.408466097844451
0.341606372566616 0.408290425185295
0.342224307582417 0.408114261290191
0.342842242598218 0.407937606129962
0.343460177614019 0.407760459675431
0.34407811262982 0.407582821897421
0.344696047645621 0.407404692766754
0.345313982661422 0.407226072254254
0.345931917677223 0.407046960330743
0.346549852693024 0.406867356967044
0.347167787708825 0.406687262133981
0.347785722724626 0.406506675802374
0.348403657740427 0.406325597943049
0.349021592756228 0.406144028526827
0.349639527772029 0.405961967524531
0.35025746278783 0.405779414906984
0.350875397803631 0.405596370645009
0.351493332819432 0.405412834709429
0.352111267835233 0.405228807071067
0.352729202851034 0.405044287700744
0.353347137866835 0.404859276569285
0.353965072882636 0.404673773647512
0.354583007898437 0.404487778906248
0.355200942914238 0.404301292316316
0.355818877930039 0.404114313848538
0.35643681294584 0.403926843473738
0.357054747961641 0.403738881162737
0.357672682977442 0.40355042688636
0.358290617993243 0.403361480615428
0.358908553009044 0.403172042320766
0.359526488024845 0.402982111973194
0.360144423040646 0.402791689543537
0.360762358056447 0.402600775002618
0.361380293072248 0.402409368321258
0.361998228088049 0.402217469470281
0.36261616310385 0.402025078420509
0.363234098119651 0.401832195142767
0.363852033135452 0.401638819607875
0.364469968151253 0.401444951786658
0.365087903167054 0.401250591649937
0.365705838182855 0.401055739168536
0.366323773198656 0.400860394313278
0.366941708214457 0.400664557054986
0.367559643230258 0.400468227364481
0.368177578246059 0.400271405212588
0.36879551326186 0.400074090570129
0.369413448277661 0.399876283407926
0.370031383293462 0.399677983696803
0.370649318309263 0.399479191407583
0.371267253325064 0.399279906511088
0.371885188340865 0.39908012897814
0.372503123356666 0.398879858779564
0.373121058372467 0.398679095886182
0.373738993388268 0.398477840268816
0.374356928404069 0.398276091898289
0.37497486341987 0.398073850745425
0.375592798435671 0.397871116781045
0.376210733451472 0.397667889975974
0.376828668467273 0.397464170301033
0.377446603483074 0.397259957727046
0.378064538498875 0.397055252224835
0.378682473514676 0.396850053765224
0.379300408530477 0.396644362319034
0.379918343546278 0.396438177857089
0.380536278562079 0.396231500350212
0.38115421357788 0.396024329769226
0.381772148593681 0.395816666084953
0.382390083609482 0.395608509268216
0.383008018625283 0.395399859289838
0.383625953641084 0.395190716120641
0.384243888656885 0.39498107973145
0.384861823672686 0.394770950093086
0.385479758688487 0.394560327176372
0.386097693704288 0.394349210952132
0.386715628720089 0.394137601391187
0.38733356373589 0.393925498464361
0.387951498751691 0.393712902142477
0.388569433767492 0.393499812396357
0.389187368783294 0.393286229196825
0.389805303799095 0.393072152514703
0.390423238814895 0.392857582320813
0.391041173830696 0.39264251858598
0.391659108846498 0.392426961281025
0.392277043862299 0.392210910376771
0.3928949788781 0.391994365844042
0.393512913893901 0.39177732765366
0.394130848909702 0.391559795776447
0.394748783925502 0.391341770183228
0.395366718941304 0.391123250844824
0.395984653957105 0.390904237732059
0.396602588972906 0.390684730815754
0.397220523988707 0.390464730066734
0.397838459004508 0.390244235455821
0.398456394020309 0.390023246953837
0.39907432903611 0.389801764531606
0.399692264051911 0.38957978815995
0.400310199067712 0.389357317809693
0.400928134083513 0.389134353451656
0.401546069099314 0.388910895056664
0.402164004115115 0.388686942595538
0.402781939130916 0.388462496039102
0.403399874146717 0.388237555358178
0.404017809162518 0.388012120523589
0.404635744178319 0.387786191506158
0.40525367919412 0.387559768276708
0.405871614209921 0.387332850806062
0.406489549225722 0.387105439065042
0.407107484241523 0.386877533024472
0.407725419257324 0.386649132655173
0.408343354273125 0.38642023792797
0.408961289288926 0.386190848813685
0.409579224304727 0.38596096528314
0.410197159320528 0.385730587307158
0.410815094336329 0.385499714856563
0.41143302935213 0.385268347902177
0.412050964367931 0.385036486414823
0.412668899383732 0.384804130365324
0.413286834399533 0.384571279724503
0.413904769415334 0.384337934463182
0.414522704431135 0.384104094552184
0.415140639446936 0.383869759962332
0.415758574462737 0.383634930664449
0.416376509478538 0.383399606629358
0.416994444494339 0.383163787827882
0.41761237951014 0.382927474230843
0.418230314525941 0.382690665809064
0.418848249541742 0.382453362533368
0.419466184557543 0.382215564374578
0.420084119573344 0.381977271303517
0.420702054589145 0.381738483291008
0.421319989604946 0.381499200307873
0.421937924620747 0.381259422324935
0.422555859636548 0.381019149313017
0.423173794652349 0.380778381242942
0.42379172966815 0.380537118085533
0.424409664683951 0.380295359811612
0.425027599699752 0.380053106392002
0.425645534715553 0.379810357797527
0.426263469731354 0.379567113999009
0.426881404747155 0.379323374967271
0.427499339762956 0.379079140673135
0.428117274778757 0.378834411087425
0.428735209794558 0.378589186180963
0.429353144810359 0.378343465924573
0.42997107982616 0.378097250289076
0.430589014841961 0.377850539245297
0.431206949857762 0.377603332764056
0.431824884873563 0.377355630816179
0.432442819889364 0.377107433372487
0.433060754905165 0.376858740403802
0.433678689920966 0.376609551880949
0.434296624936767 0.37635986777475
0.434914559952568 0.376109688056027
0.435532494968369 0.375859012695604
0.43615042998417 0.375607841664303
0.436768364999971 0.375356174932947
0.437386300015772 0.375104012472359
0.438004235031573 0.374851354253362
0.438622170047374 0.374598200246778
0.439240105063175 0.374344550423431
0.439858040078976 0.374090404754143
0.440475975094777 0.373835763209737
0.441093910110578 0.373580625761036
0.441711845126379 0.373324992378863
0.44232978014218 0.373068863034041
0.442947715157981 0.372812237697392
0.443565650173782 0.372555116339739
0.444183585189583 0.372297498931905
0.444801520205384 0.372039385444713
0.445419455221185 0.371780775848986
0.446037390236986 0.371521670115546
0.446655325252787 0.371262068215217
0.447273260268588 0.371001970118821
0.447891195284389 0.37074137579718
0.44850913030019 0.370480285221119
0.449127065315991 0.37021869836146
0.449745000331792 0.369956615189025
0.450362935347593 0.369694035674637
0.450980870363394 0.36943095978912
0.451598805379195 0.369167387503295
0.452216740394996 0.368903318787987
0.452834675410797 0.368638753614017
0.453452610426598 0.368373691952208
0.454070545442399 0.368108133773384
0.4546884804582 0.367842079048367
0.455306415474001 0.36757552774798
0.455924350489802 0.367308479843046
0.456542285505603 0.367040935304388
0.457160220521404 0.366772894102828
0.457778155537205 0.366504356209189
0.458396090553006 0.366235321594294
0.459014025568807 0.365965790228966
0.459631960584608 0.365695762084029
0.460249895600409 0.365425237130303
0.46086783061621 0.365154215338614
0.461485765632011 0.364882696679782
0.462103700647812 0.364610681124632
0.462721635663613 0.364338168643985
0.463339570679414 0.364065159208665
0.463957505695215 0.363791652789495
0.464575440711016 0.363517649357297
0.465193375726817 0.363243148882895
0.465811310742618 0.36296815133711
0.466429245758419 0.362692656690767
0.46704718077422 0.362416664914687
0.467665115790021 0.362140175979694
0.468283050805822 0.36186318985661
0.468900985821623 0.361585706516258
0.469518920837424 0.361307725929462
0.470136855853225 0.361029248067043
0.470754790869026 0.360750272899825
0.471372725884827 0.360470800398631
0.471990660900628 0.360190830534283
0.472608595916429 0.359910363277604
0.47322653093223 0.359629398599417
0.473844465948031 0.359347936470545
0.474462400963832 0.35906597686181
0.475080335979633 0.358783519744037
0.475698270995434 0.358500565088046
0.476316206011235 0.358217112864662
0.476934141027036 0.357933163044706
0.477552076042837 0.357648715599003
0.478170011058638 0.357363770498374
0.478787946074439 0.357078327713643
0.47940588109024 0.356792387215632
0.480023816106041 0.356505948975164
0.480641751121842 0.356219012963062
0.481259686137643 0.355931579150149
0.481877621153444 0.355643647507247
0.482495556169245 0.35535521800518
0.483113491185046 0.35506629061477
0.483731426200847 0.35477686530684
0.484349361216648 0.354486942052214
0.484967296232449 0.354196520821713
0.48558523124825 0.35390560158616
0.486203166264051 0.353614184316379
0.486821101279852 0.353322268983193
0.487439036295653 0.353029855557423
0.488056971311454 0.352736944009894
0.488674906327255 0.352443534311427
0.489292841343056 0.352149626432845
0.489910776358857 0.351855220344972
0.490528711374658 0.351560316018631
0.491146646390459 0.351264913424643
0.49176458140626 0.350969012533832
0.492382516422061 0.350672613317021
0.493000451437862 0.350375715745033
0.493618386453663 0.350078319788689
0.494236321469464 0.349780425418814
0.494854256485265 0.349482032606231
0.495472191501066 0.349183141321761
0.496090126516867 0.348883751536227
0.496708061532668 0.348583863220453
0.497325996548469 0.348283476345262
0.49794393156427 0.347982590881476
0.498561866580071 0.347681206799917
0.499179801595872 0.34737932407141
0.499797736611673 0.347076942666776
0.500415671627474 0.346774062556839
0.501033606643275 0.346470683712421
0.501651541659076 0.346166806104345
0.502269476674877 0.345862429703434
0.502887411690678 0.345557554480511
0.503505346706479 0.345252180406399
0.50412328172228 0.34494630745192
0.504741216738081 0.344639935587897
0.505359151753882 0.344333064785154
0.505977086769683 0.344025695014512
0.506595021785484 0.343717826246796
0.507212956801285 0.343409458452826
0.507830891817086 0.343100591603428
0.508448826832887 0.342791225669422
0.509066761848688 0.342481360621633
0.509684696864489 0.342170996430883
0.51030263188029 0.341860133067994
0.510920566896091 0.34154877050379
0.511538501911892 0.341236908709093
0.512156436927693 0.340924547654727
0.512774371943494 0.340611687311513
0.513392306959295 0.340298327650276
0.514010241975096 0.339984468641837
0.514628176990897 0.33967011025702
0.515246112006698 0.339355252466647
0.515864047022499 0.339039895241542
0.5164819820383 0.338724038552526
0.517099917054101 0.338407682370424
0.517717852069902 0.338090826666057
0.518335787085703 0.337773471410249
0.518953722101504 0.337455616573822
0.519571657117305 0.337137262127599
0.520189592133106 0.336818408042403
0.520807527148907 0.336499054289057
0.521425462164708 0.336179200838384
0.522043397180509 0.335858847661206
0.52266133219631 0.335537994728347
0.523279267212111 0.335216642010628
0.523897202227912 0.334894789478874
0.524515137243713 0.334572437103906
0.525133072259514 0.334249584856549
0.525751007275315 0.333926232707623
0.526368942291116 0.333602380627953
0.526986877306917 0.333278028588361
0.527604812322718 0.332953176559671
0.528222747338519 0.332627824512703
0.52884068235432 0.332301972418283
0.529458617370121 0.331975620247232
0.530076552385922 0.331648767970373
0.530694487401723 0.33132141555853
0.531312422417524 0.330993562982524
0.531930357433325 0.330665210213179
0.532548292449126 0.330336357221318
0.533166227464927 0.330007003977763
0.533784162480728 0.329677150453337
0.534402097496529 0.329346796618863
0.53502003251233 0.329015942445165
0.535637967528131 0.328684587903064
0.536255902543932 0.328352732963384
0.536873837559733 0.328020377596947
0.537491772575534 0.327687521774576
0.538109707591335 0.327354165467094
0.538727642607136 0.327020308645324
0.539345577622937 0.326685951280089
0.539963512638738 0.326351093342212
0.540581447654539 0.326015734802515
0.54119938267034 0.325679875631821
0.541817317686141 0.325343515800953
0.542435252701942 0.325006655280734
0.543053187717743 0.324669294041986
0.543671122733544 0.324331432055534
0.544289057749345 0.323993069292198
0.544906992765146 0.323654205722803
0.545524927780947 0.323314841318171
0.546142862796748 0.322974976049124
0.546760797812549 0.322634609886486
0.54737873282835 0.32229374280108
0.547996667844151 0.321952374763728
0.548614602859952 0.321610505745253
0.549232537875753 0.321268135716478
0.549850472891554 0.320925264648226
0.550468407907355 0.32058189251132
0.551086342923156 0.320238019276582
0.551704277938957 0.319893644914835
0.552322212954758 0.319548769396903
0.552940147970559 0.319203392693607
0.55355808298636 0.318857514775771
0.554176018002161 0.318511135614218
0.554793953017962 0.31816425517977
0.555411888033763 0.317816873443251
0.556029823049564 0.317468990375482
0.556647758065365 0.317120605947288
0.557265693081166 0.31677172012949
0.557883628096967 0.316422332892912
0.558501563112768 0.316072444208376
0.559119498128569 0.315722054046706
0.55973743314437 0.315371162378723
0.560355368160171 0.315019769175252
0.560973303175972 0.314667874407114
0.561591238191773 0.314315478045133
0.562209173207574 0.313962580060131
0.562827108223375 0.313609180422931
0.563445043239176 0.313255279104357
0.564062978254978 0.31290087607523
0.564680913270778 0.312545971306374
0.56529884828658 0.312190564768612
0.56591678330238 0.311834656432766
0.566534718318181 0.311478246269659
0.567152653333982 0.311121334250114
0.567770588349783 0.310763920344954
0.568388523365585 0.310406004525001
0.569006458381385 0.310047586761079
0.569624393397187 0.309688667024011
0.570242328412987 0.309329245284618
0.570860263428788 0.308969321513725
0.57147819844459 0.308608895682153
0.57209613346039 0.308247967760727
0.572714068476192 0.307886537720267
0.573332003491993 0.307524605531598
0.573949938507794 0.307162171165542
0.574567873523595 0.306799234592922
0.575185808539395 0.306435795784561
0.575803743555197 0.306071854711281
0.576421678570997 0.305707411343906
0.577039613586799 0.305342465653258
0.5776575486026 0.30497701761016
0.578275483618401 0.304611067185435
0.578893418634202 0.304244614349906
0.579511353650003 0.303877659074396
0.580129288665804 0.303510201329727
0.580747223681604 0.303142241086722
0.581365158697406 0.302773778316204
0.581983093713207 0.302404812988996
0.582601028729008 0.302035345075921
0.583218963744809 0.301665374547802
0.58383689876061 0.30129490137546
0.584454833776411 0.300923925529721
0.585072768792212 0.300552446981405
0.585690703808013 0.300180465701336
0.586308638823814 0.299807981660337
0.586926573839615 0.29943499482923
0.587544508855416 0.299061505178839
0.588162443871217 0.298687512679985
0.588780378887018 0.298313017303493
0.589398313902819 0.297938019020185
0.59001624891862 0.297562517800884
0.590634183934421 0.297186513616411
0.591252118950222 0.296810006437592
0.591870053966023 0.296432996235247
0.592487988981824 0.296055482980201
0.593105923997625 0.295677466643275
0.593723859013426 0.295298947195293
0.594341794029227 0.294919924607078
0.594959729045028 0.294540398849451
0.595577664060829 0.294160369893237
0.59619559907663 0.293779837709258
0.596813534092431 0.293398802268337
0.597431469108232 0.293017263541296
0.598049404124033 0.292635221498959
0.598667339139834 0.292252676112148
0.599285274155635 0.291869627351686
0.599903209171436 0.291486075188397
0.600521144187237 0.291102019593102
0.601139079203038 0.290717460536624
0.601757014218839 0.290332397989787
0.60237494923464 0.289946831923413
0.602992884250441 0.289560762308326
0.603610819266242 0.289174189115347
0.604228754282043 0.2887871123153
0.604846689297844 0.288399531879008
0.605464624313645 0.288011447777293
0.606082559329446 0.287622859980978
0.606700494345247 0.287233768460886
0.607318429361048 0.286844173187841
0.607936364376849 0.286454074132663
0.60855429939265 0.286063471266178
0.609172234408451 0.285672364559207
0.609790169424252 0.285280753982573
0.610408104440053 0.284888639507099
0.611026039455854 0.284496021103608
0.611643974471655 0.284102898742923
0.612261909487456 0.283709272395866
0.612879844503257 0.283315142033261
0.613497779519058 0.282920507625929
0.614115714534859 0.282525369144695
0.61473364955066 0.282129726560381
0.615351584566461 0.281733579843809
0.615969519582262 0.281336928965803
0.616587454598063 0.280939773897185
0.617205389613864 0.280542114608778
0.617823324629665 0.280143951071406
0.618441259645466 0.27974528325589
0.619059194661267 0.279346111133054
0.619677129677068 0.27894643467372
0.620295064692869 0.278546253848711
0.62091299970867 0.278145568628851
0.621530934724471 0.277744378984962
0.622148869740272 0.277342684887866
0.622766804756073 0.276940486308387
0.623384739771874 0.276537783217348
0.624002674787675 0.27613457558557
0.624620609803476 0.275730863383878
0.625238544819277 0.275326646583094
0.625856479835078 0.274921925154041
0.626474414850879 0.274516699067541
0.62709234986668 0.274110968294417
0.627710284882481 0.273704732805493
0.628328219898282 0.273297992571591
0.628946154914083 0.272890747563534
0.629564089929884 0.272482997752144
0.630182024945685 0.272074743108246
0.630799959961486 0.27166598360266
0.631417894977287 0.271256719206211
0.632035829993088 0.270846949889721
0.632653765008889 0.270436675624012
0.63327170002469 0.270025896379909
0.633889635040491 0.269614612128233
0.634507570056292 0.269202822839807
0.635125505072093 0.268790528485454
0.635743440087894 0.268377729035998
0.636361375103695 0.26796442446226
0.636979310119496 0.267550614735064
0.637597245135297 0.267136299825233
0.638215180151098 0.266721479703589
0.638833115166899 0.266306154340955
0.6394510501827 0.265890323708154
0.640068985198501 0.265473987776009
0.640686920214302 0.265057146515343
0.641304855230103 0.264639799896978
0.641922790245904 0.264221947891737
0.642540725261705 0.263803590470444
0.643158660277506 0.26338472760392
0.643776595293307 0.262965359262989
0.644394530309108 0.262545485418474
0.645012465324909 0.262125106041198
0.64563040034071 0.261704221101983
0.646248335356511 0.261282830571651
0.646866270372312 0.260860934421027
0.647484205388113 0.260438532620933
0.648102140403914 0.260015625142191
0.648720075419715 0.259592211955624
0.649338010435516 0.259168293032056
0.649955945451317 0.258743868342309
0.650573880467118 0.258318937857206
0.651191815482919 0.257893501547569
0.65180975049872 0.257467559384223
0.652427685514521 0.257041111337988
0.653045620530322 0.256614157379689
0.653663555546123 0.256186697480148
0.654281490561924 0.255758731610188
0.654899425577725 0.255330259740631
0.655517360593526 0.254901281842301
0.656135295609327 0.254471797886021
0.656753230625128 0.254041807842612
0.657371165640929 0.253611311682899
0.65798910065673 0.253180309377704
0.658607035672531 0.252748800897849
0.659224970688332 0.252316786214158
0.659842905704133 0.251884265297453
0.660460840719934 0.251451238118557
0.661078775735735 0.251017704648293
0.661696710751536 0.250583664857484
0.662314645767337 0.250149118716953
0.662932580783138 0.249714066197523
0.663550515798939 0.249278507270015
0.66416845081474 0.248842441905254
0.664786385830541 0.248405870074062
0.665404320846342 0.247968791747262
0.666022255862143 0.247531206895676
0.666640190877944 0.247093115490128
0.667258125893745 0.24665451750144
0.667876060909546 0.246215412900435
0.668493995925347 0.245775801657936
0.669111930941148 0.245335683744766
0.669729865956949 0.244895059131747
0.67034780097275 0.244453927789703
0.670965735988551 0.244012289689457
0.671583671004352 0.24357014480183
0.672201606020153 0.243127493097646
0.672819541035954 0.242684334547728
0.673437476051755 0.242240669122899
0.674055411067556 0.241796496793981
0.674673346083357 0.241351817531797
0.675291281099158 0.240906631307171
0.675909216114959 0.240460938090924
0.67652715113076 0.24001473785388
0.677145086146561 0.239568030566861
0.677763021162362 0.239120816200691
0.678380956178163 0.238673094726193
0.678998891193964 0.238224866114188
0.679616826209765 0.2377761303355
0.680234761225566 0.237326887360952
0.680852696241367 0.236877137161366
0.681470631257168 0.236426879707566
0.682088566272969 0.235976114970374
0.68270650128877 0.235524842920613
0.683324436304571 0.235073063529106
0.683942371320372 0.234620776766675
0.684560306336173 0.234167982604144
0.685178241351974 0.233714681012336
0.685796176367775 0.233260871962072
0.686414111383576 0.232806555424177
0.687032046399377 0.232351731369472
0.687649981415178 0.231896399768781
0.688267916430979 0.231440560592927
0.68888585144678 0.230984213812731
0.689503786462581 0.230527359399018
0.690121721478382 0.23006999732261
0.690739656494183 0.22961212755433
0.691357591509984 0.229153750065
0.691975526525785 0.228694864825444
0.692593461541586 0.228235471806484
0.693211396557387 0.227775570978943
0.693829331573188 0.227315162313645
0.694447266588989 0.22685424578141
0.69506520160479 0.226392821353064
0.695683136620591 0.225930888999428
0.696301071636392 0.225468448691325
0.696919006652193 0.225005500399578
0.697536941667994 0.224542044095011
0.698154876683795 0.224078079748445
0.698772811699596 0.223613607330703
0.699390746715397 0.223148626812609
0.700008681731198 0.222683138164985
0.700626616746999 0.222217141358655
0.7012445517628 0.22175063636444
0.701862486778601 0.221283623153164
0.702480421794402 0.220816101695649
0.703098356810203 0.220348071962719
0.703716291826004 0.219879533925196
0.704334226841805 0.219410487553903
0.704952161857606 0.218940932819663
0.705570096873407 0.218470869693298
0.706188031889208 0.218000298145632
0.706805966905009 0.217529218147488
0.70742390192081 0.217057629669688
0.708041836936611 0.216585532683054
0.708659771952412 0.216112927158411
0.709277706968213 0.21563981306658
0.709895641984014 0.215166190378384
0.710513576999815 0.214692059064648
0.711131512015616 0.214217419096192
0.711749447031417 0.21374227044384
0.712367382047218 0.213266613078415
0.712985317063019 0.212790446970739
0.71360325207882 0.212313772091636
0.714221187094621 0.211836588411929
0.714839122110422 0.211358895902439
0.715457057126223 0.210880694533991
0.716074992142024 0.210401984277406
0.716692927157825 0.209922765103508
0.717310862173626 0.209443036983119
0.717928797189427 0.208962799887063
0.718546732205228 0.208482053786161
0.719164667221029 0.208000798651238
0.71978260223683 0.207519034453115
0.720400537252631 0.207036761162616
0.721018472268432 0.206553978750563
0.721636407284233 0.20607068718778
0.722254342300034 0.205586886445089
0.722872277315835 0.205102576493312
0.723490212331636 0.204617757303274
0.724108147347437 0.204132428845795
0.724726082363238 0.203646591091701
0.725344017379039 0.203160244011812
0.72596195239484 0.202673387576953
0.726579887410641 0.202186021757945
0.727197822426442 0.201698146525612
0.727815757442243 0.201209761850777
0.728433692458044 0.200720867704262
0.729051627473845 0.20023146405689
0.729669562489646 0.199741550879484
0.730287497505447 0.199251128142867
0.730905432521248 0.198760195817862
0.731523367537049 0.198268753875291
0.73214130255285 0.197776802285978
0.732759237568651 0.197284341020745
0.733377172584452 0.196791370050414
0.733995107600253 0.19629788934581
0.734613042616054 0.195803898877754
0.735230977631855 0.19530939861707
0.735848912647656 0.19481438853458
0.736466847663457 0.194318868601107
0.737084782679258 0.193822838787474
0.737702717695059 0.193326299064504
0.73832065271086 0.19282924940302
0.738938587726661 0.192331689773844
0.739556522742462 0.191833620147799
0.740174457758263 0.191335040495709
0.740792392774065 0.190835950788395
0.741410327789865 0.190336350996681
0.742028262805666 0.18983624109139
0.742646197821467 0.189335621043344
0.743264132837268 0.188834490823366
0.743882067853069 0.18833285040228
0.74450000286887 0.187830699750907
0.745117937884672 0.187328038840071
0.745735872900472 0.186824867640595
0.746353807916273 0.186321186123301
0.746971742932074 0.185816994259013
0.747589677947875 0.185312292018552
0.748207612963677 0.184807079372742
0.748825547979477 0.184301356292407
0.749443482995279 0.183795122748367
0.75006141801108 0.183288378711447
0.75067935302688 0.182781124152469
0.751297288042681 0.182273359042257
0.751915223058482 0.181765083351632
0.752533158074284 0.181256297051417
0.753151093090084 0.180747000112437
0.753769028105886 0.180237192505512
0.754386963121687 0.179726874201467
0.755004898137488 0.179216045171124
0.755622833153289 0.178704705385306
0.756240768169089 0.178192854814835
0.756858703184891 0.177680493430535
0.757476638200692 0.177167621203228
0.758094573216493 0.176654238103737
0.758712508232294 0.176140344102885
0.759330443248095 0.175625939171495
0.759948378263896 0.17511102328039
0.760566313279696 0.174595596400392
0.761184248295498 0.174079658502325
0.761802183311299 0.17356320955701
0.7624201183271 0.173046249535272
0.763038053342901 0.172528778407932
0.763655988358702 0.172010796145814
0.764273923374503 0.171492302719741
0.764891858390303 0.170973298100534
0.765509793406105 0.170453782259018
0.766127728421906 0.169933755166015
0.766745663437707 0.169413216792347
0.767363598453508 0.168892167108838
0.767981533469309 0.168370606086311
0.76859946848511 0.167848533695587
0.769217403500911 0.167325949907491
0.769835338516712 0.166802854692845
0.770453273532513 0.166279248022471
0.771071208548314 0.165755129867193
0.771689143564115 0.165230500197834
0.772307078579916 0.164705358985215
0.772925013595717 0.164179706200161
0.773542948611518 0.163653541813493
0.774160883627319 0.163126865796036
0.77477881864312 0.16259967811861
0.775396753658921 0.16207197875204
0.776014688674722 0.161543767667149
0.776632623690523 0.161015044834758
0.777250558706324 0.160485810225691
0.777868493722125 0.159956063810771
0.778486428737926 0.15942580556082
0.779104363753727 0.158895035446662
0.779722298769528 0.158363753439119
0.780340233785329 0.157831959509014
0.78095816880113 0.157299653627169
0.781576103816931 0.156766835764408
0.782194038832732 0.156233505891554
0.782811973848533 0.155699663979429
0.783429908864334 0.155165309998856
0.784047843880135 0.154630443920659
0.784665778895936 0.154095065715659
0.785283713911737 0.153559175354679
0.785901648927538 0.153022772808543
0.786519583943339 0.152485858048074
0.78713751895914 0.151948431044093
0.787755453974941 0.151410491767424
0.788373388990742 0.150872040188891
0.788991324006543 0.150333076279314
0.789609259022344 0.149793600009519
0.790227194038145 0.149253611350326
0.790845129053946 0.14871311027256
0.791463064069747 0.148172096747042
0.792080999085548 0.147630570744596
0.792698934101349 0.147088532236045
0.79331686911715 0.146545981192211
0.793934804132951 0.146002917583917
0.794552739148752 0.145459341381987
0.795170674164553 0.144915252557242
0.795788609180354 0.144370651080506
0.796406544196155 0.143825536922602
0.797024479211956 0.143279910054352
0.797642414227757 0.142733770446579
0.798260349243558 0.142187118070106
0.798878284259359 0.141639952895756
0.79949621927516 0.141092274894352
0.800114154290961 0.140544084036716
0.800732089306762 0.139995380293672
0.801350024322563 0.139446163636042
0.801967959338364 0.138896434034649
0.802585894354165 0.138346191460315
0.803203829369966 0.137795435883865
0.803821764385767 0.137244167276119
0.804439699401568 0.136692385607902
0.805057634417369 0.136140090850037
0.80567556943317 0.135587282973345
0.806293504448971 0.13503396194865
0.806911439464772 0.134480127746774
0.807529374480573 0.133925780338542
0.808147309496374 0.133370919694774
0.808765244512175 0.132815545786295
0.809383179527976 0.132259658583926
0.810001114543777 0.131703258058491
0.810619049559578 0.131146344180813
0.811236984575379 0.130588916921715
0.81185491959118 0.130030976252018
0.812472854606981 0.129472522142547
0.813090789622782 0.128913554564124
0.813708724638583 0.128354073487571
0.814326659654384 0.127794078883712
0.814944594670185 0.127233570723369
0.815562529685986 0.126672548977366
0.816180464701787 0.126111013616525
0.816798399717588 0.125548964611668
0.817416334733389 0.124986401933619
0.81803426974919 0.124423325553201
0.818652204764991 0.123859735441237
0.819270139780792 0.123295631568548
0.819888074796593 0.122731013905959
0.820506009812394 0.122165882424291
0.821123944828195 0.121600237094368
0.821741879843996 0.121034077887013
0.822359814859797 0.120467404773048
0.822977749875598 0.119900217723296
0.823595684891399 0.11933251670858
0.8242136199072 0.118764301699723
0.824831554923001 0.118195572667548
0.825449489938802 0.117626329582877
0.826067424954603 0.117056572416533
0.826685359970404 0.11648630113934
0.827303294986205 0.11591551572212
0.827921230002006 0.115344216135695
0.828539165017807 0.11477240235089
0.829157100033608 0.114200074338525
0.829775035049409 0.113627232069425
0.83039297006521 0.113053875514412
0.831010905081011 0.112480004644309
0.831628840096812 0.111905619429939
0.832246775112613 0.111330719842125
0.832864710128414 0.110755305851689
0.833482645144215 0.110179377429454
0.834100580160016 0.109602934546243
0.834718515175817 0.109025977172879
0.835336450191618 0.108448505280185
0.835954385207419 0.107870518838984
0.83657232022322 0.107292017820098
0.837190255239021 0.10671300219435
0.837808190254822 0.106133471932563
0.838426125270623 0.105553427005561
0.839044060286424 0.104972867384165
0.839661995302225 0.104391793039198
0.840279930318026 0.103810203941484
0.840897865333827 0.103228100061845
0.841515800349628 0.102645481371105
0.842133735365429 0.102062347840085
0.84275167038123 0.101478699439609
0.843369605397031 0.100894536140499
0.843987540412832 0.100309857913579
0.844605475428633 0.0997246647296709
0.845223410444434 0.0991389565595979
0.845841345460235 0.0985527333741827
0.846459280476036 0.0979659951442483
0.847077215491837 0.0973787418406173
0.847695150507638 0.0967909734341127
0.848313085523439 0.0962026898955574
0.84893102053924 0.0956138911957738
0.849548955555041 0.0950245773055853
0.850166890570842 0.0944347481958144
0.850784825586643 0.093844403837284
0.851402760602444 0.0932535442008169
0.852020695618245 0.092662169257236
0.852638630634046 0.0920702789773639
0.853256565649847 0.0914778733320237
0.853874500665648 0.0908849522920381
0.854492435681449 0.0902915158282301
0.85511037069725 0.0896975639114223
0.855728305713051 0.0891030965124376
0.856346240728852 0.0885081136020988
0.856964175744653 0.0879126151512289
0.857582110760454 0.0873166011306505
0.858200045776255 0.0867200715111867
0.858817980792056 0.08612302626366
0.859435915807857 0.0855254653588935
0.860053850823658 0.0849273887677098
0.860671785839459 0.0843287964609318
0.86128972085526 0.0837296884093827
0.861907655871061 0.0831300645838847
0.862525590886862 0.0825299249552611
0.863143525902663 0.0819292694943345
0.863761460918464 0.0813280981719278
0.864379395934265 0.0807264109588638
0.864997330950066 0.0801242078259655
0.865615265965867 0.0795214887440555
0.866233200981668 0.0789182536839567
0.866851135997469 0.0783145026164919
0.86746907101327 0.0777102355124841
0.868087006029071 0.0771054523427558
0.868704941044872 0.0765001530781301
0.869322876060673 0.0758943376894298
0.869940811076474 0.0752880061474777
0.870558746092275 0.0746811584230966
0.871176681108076 0.0740737944871094
0.871794616123877 0.0734659143103387
0.872412551139678 0.0728575178636076
0.873030486155479 0.0722486051177388
0.87364842117128 0.0716391760435553
0.874266356187081 0.0710292306118797
0.874884291202882 0.0704187687935349
0.875502226218683 0.0698077905593437
0.876120161234484 0.069196295880129
0.876738096250285 0.0685842847267136
0.877356031266086 0.0679717570699204
0.877973966281887 0.0673587128805722
0.878591901297688 0.0667451521294917
0.879209836313489 0.0661310747875017
0.87982777132929 0.0655164808254254
0.880445706345091 0.0649013702140852
0.881063641360892 0.0642857429243042
0.881681576376693 0.063669598926905
0.882299511392494 0.0630529381927107
0.882917446408295 0.062435760692544
0.883535381424096 0.0618180663972276
0.884153316439897 0.0611998552775846
0.884771251455698 0.0605811273044377
0.885389186471499 0.0599618824486096
0.8860071214873 0.0593421206809231
0.886625056503101 0.0587218419722014
0.887242991518902 0.058101046293267
0.887860926534703 0.0574797336149429
0.888478861550504 0.0568579039080517
0.889096796566305 0.0562355571434165
0.889714731582106 0.05561269329186
0.890332666597907 0.054989312324205
0.890950601613708 0.0543654142112744
0.891568536629509 0.053740998923891
0.89218647164531 0.0531160664328776
0.892804406661111 0.0524906167090572
0.893422341676912 0.0518646497232523
0.894040276692713 0.051238165446286
0.894658211708514 0.050611163848981
0.895276146724315 0.0499836449021601
0.895894081740116 0.0493556085766463
0.896512016755917 0.0487270548432623
0.897129951771718 0.048097983672831
0.897747886787519 0.0474683950361752
0.89836582180332 0.0468382889041177
0.898983756819121 0.0462076652474813
0.899601691834922 0.0455765240370889
0.900219626850723 0.0449448652437633
0.900837561866524 0.0443126888383273
0.901455496882325 0.0436799947916038
0.902073431898126 0.0430467830744156
0.902691366913927 0.0424130536575854
0.903309301929728 0.0417788065119363
0.903927236945529 0.0411440416082909
0.90454517196133 0.0405087589174722
0.905163106977131 0.0398729584103029
0.905781041992932 0.0392366400576058
0.906398977008733 0.0385998038302038
0.907016912024534 0.0379624496989197
0.907634847040335 0.0373245776345764
0.908252782056136 0.0366861876079967
0.908870717071937 0.0360472795900033
0.909488652087738 0.0354078535514193
0.910106587103539 0.0347679094630672
0.91072452211934 0.0341274472957701
0.911342457135141 0.0334864670203506
0.911960392150942 0.0328449686076318
0.912578327166743 0.0322029520284364
0.913196262182544 0.0315604172535872
0.913814197198345 0.0309173642539067
0.914432132214146 0.0302737930002185
0.915050067229947 0.0296297034633448
0.915668002245748 0.0289850956141086
0.916285937261549 0.0283399694233329
0.91690387227735 0.0276943248618403
0.917521807293151 0.0270481619004536
0.918139742308952 0.0264014805099959
0.918757677324753 0.0257542806612899
0.919375612340554 0.0251065623251583
0.919993547356355 0.024458325472424
0.920611482372156 0.02380957007391
0.921229417387957 0.0231602961004389
0.921847352403758 0.0225105035228335
0.922465287419559 0.0218601923119168
