-1 0.35322690848236
-0.894736842105263 0.309802259625527
-0.789473684210526 0.124837110617201
-0.684210526315789 -0.179854467282462
-0.578947368421053 -0.521775260580296
-0.473684210526316 -0.778546959604401
-0.368421052631579 -0.834212341288874
-0.263157894736842 -0.632604991636986
-0.157894736842105 -0.211597087256371
-0.0526315789473685 0.301971142652196
0.0526315789473684 0.738545534638979
0.157894736842105 0.953842159707218
0.263157894736842 0.886951458303233
0.368421052631579 0.581374974294357
0.473684210526316 0.160599186123614
0.578947368421053 -0.227654398899546
0.684210526315789 -0.4705301385085
0.789473684210526 -0.526107340970266
0.894736842105263 -0.42454349264334
1 -0.240462049968584


-1 0.346256177310155 0.808766062011161 -0.573818560998979
-0.984375 0.35648683662507 0.50066403087039 -0.568322111847854
-0.96875 0.361906545226818 0.193442232421609 -0.562703412169023
-0.953125 0.362550943196511 -0.110131824979068 -0.557037410945576
-0.9375 0.358497241349407 -0.407509431502957 -0.551398171058705
-0.921875 0.349860597643285 -0.696385492694493 -0.545858247549292
-0.90625 0.336790172267786 -0.974714815888157 -0.540488125182069
-0.890625 0.319464995173523 -1.24071985226929 -0.535355719288251
-0.875 0.298089777871063 -1.49289015342883 -0.530525941782073
-0.859375 0.272890795252668 -1.72997405810158 -0.526060332229071
-0.84375 0.244111953275647 -1.95096335783492 -0.52201675195177
-0.828125 0.212011145021281 -2.15507189282815 -0.518449137448432
-0.8125 0.176856981430207 -2.34170919556613 -0.515407307922014
-0.796875 0.138925964512605 -2.51045042596384 -0.512936820510041
-0.78125 0.098500150692369 -2.66100392478292 -0.511078865902353
-0.765625 0.0558653308536256 -2.79317775076264 -0.509870196453049
-0.75 0.0113097323095667 -2.9068465613124 -0.509343078644672
-0.734375 -0.03487677300982 -3.00192014815169 -0.509525261845598
-0.71875 -0.0824029897021559 -3.07831485057703 -0.510439955703812
-0.703125 -0.130976303090799 -3.13592894377088 -0.512105809220245
-0.6875 -0.180302236155338 -3.17462294233781 -0.514536885512118
-0.671875 -0.230083742157991 -3.19420557538551 -0.517742627472985
-0.65625 -0.280020326171297 -3.19442598484276 -0.521727810916679
-0.640625 -0.329807095635489 -3.17497247958524 -0.526492483307205
-0.625 -0.379133843501938 -3.13547795078992 -0.532031887772581
-0.609375 -0.427684267377612 -3.07553182527526 -0.538336373722201
-0.59375 -0.475135424401126 -2.99469820981655 -0.545391296978965
-0.578125 -0.521157514478922 -2.89253966671975 -0.553176913844518
-0.5625 -0.56541407420891 -2.76864586508801 -0.561668274886802
-0.546875 -0.607562650624211 -2.62266617853396 -0.57083512542591
-0.53125 -0.647256008185548 -2.4543451532978 -0.580641820654762
-0.515625 -0.684143904689887 -2.26355965486596 -0.591047264029513
-0.5 -0.717875452455103 -2.05035641952027 -0.602004877972751
-0.484375 -0.748102060840176 -1.81498869221738 -0.613462616030472
-0.46875 -0.774480935453404 -1.55795062533846 -0.625363025400633
-0.453125 -0.796679088889523 -1.28000814474263 -0.637643368205036
-0.4375 -0.814377798124202 -0.982225059805943 -0.650235809015304
-0.421875 -0.827277425370755 -0.665983301328992 -0.663067674984695
-0.40625 -0.835102502828997 -0.332996312947766 -0.676061793506826
-0.390625 -0.837606967844708 0.0146852053905545 -0.689136910654336
-0.375 -0.834579424004784 0.374675803524572 -0.702208191787453
-0.359375 -0.825848295998671 0.744266416858446 -0.715187803712881
-0.34375 -0.811286741975316 1.12044427456702 -0.727985575671379
-0.328125 -0.790817186814288 1.49992147625436 -0.740509734295763
-0.3125 -0.764415343302028 1.87917188396822 -0.752667705569785
-0.296875 -0.732113595641279 2.2544757321293 -0.764366974793215
-0.28125 -0.694003630892028 2.62197112561784 -0.775515993678943
-0.265625 -0.65023821860236 2.97771138304615 -0.786025122030558
-0.25 -0.601032056686025 3.31772699481507 -0.795807590025653
-0.234375 -0.546661622089181 3.63809080996376 -0.804780466006617
-0.21875 -0.487463987422116 3.93498494729668 -0.812865613894797
-0.203125 -0.423834588899474 4.20476784899725 -0.819990623924544
-0.1875 -0.356223955965119 4.44403986189699 -0.826089700359521
-0.171875 -0.285133438169434 4.64970574441036 -0.831104490212876
-0.15625 -0.211109989496998 4.81903255608834 -0.834984837742215
-0.140625 -0.134740093698764 4.94970149054068 -0.837689450615534
-0.125 -0.0566429355835226 5.03985235842137 -0.839186465119912
-0.109375 0.0225370579598478 5.08811961116388 -0.839453899575493
-0.09375 0.102138167758866 5.09365901281622 -0.838479987178055
-0.078125 0.181489671442365 5.056164310172 -0.836263381771758
-0.0625 0.259920312155026 4.97587351303587 -0.832813232490098
-0.046875 0.336766783297246 4.85356466885945 -0.828149125734178
-0.03125 0.411382066026094 4.69054129071933 -0.822300895516617
-0.015625 0.483143460848786 4.4886078661769 -0.815308305720025
0 0.551460163329632 4.25003612866714 -0.807220610235424
0.015625 0.61578024642733 3.9775230049167 -0.798095999196531
0.03125 0.675596927877793 3.67414135447083 -0.788000941553897
0.046875 0.730454019832918 3.34328478471082 -0.77700943598924
0.0625 0.779950479067305 2.98860795198818 -0.76520218361412
0.078125 0.823743998818762 2.6139638432874 -0.752665696997425
0.09375 0.861553607038429 2.22333957124255 -0.739491360802533
0.109375 0.893161259778584 1.82079220799661 -0.72577445967811
0.125 0.918412441932947 1.41038613145876 -0.71161318903808
0.140625 0.937215809887291 0.99613326360189 -0.697107663998995
0.15625 0.949541931210798 0.581937448518067 -0.682358941039628
0.171875 0.955421194765844 0.171544053167846 -0.667468065940327
0.1875 0.954940980069105 -0.231504317745082 -0.652535160288455
0.203125 0.94824218703547 -0.623905312685356 -0.637658557347889
0.21875 0.935515236125462 -1.0026270737033 -0.622933996436321
0.234375 0.916995654261075 -1.36493099875497 -0.608453883188665
0.25 0.892959363657333 -1.7083870243167 -0.594306621263753
0.265625 0.863717789036542 -2.0308816427537 -0.58057601922979
0.28125 0.829612893757415 -2.33061906834368 -0.567340774594402
0.296875 0.791012247509298 -2.60611614273434 -0.55467403527598
0.3125 0.748304217785588 -2.85619171993205 -0.542643037287636
0.328125 0.701893364822638 -3.07995138876753 -0.531308816059692
0.34375 0.652196105585738 -3.2767684744372 -0.520725987690047
0.359375 0.599636697249577 -3.44626230869113 -0.510942595504278
0.375 0.54464357501794 -3.58827477029772 -0.502000016640775
0.390625 0.487646063611193 -3.70284607455165 -0.493932922953411
0.40625 0.429071466850796 -3.79019073494322 -0.48676929033982
0.421875 0.369342525976271 -3.85067453485783 -0.480530450643595
0.4375 0.308875225073513 -3.88479323640764 -0.475231180523098
0.453125 0.248076911635784 -3.89315362204143 -0.470879822100963
0.46875 0.187344692102124 -3.87645731781434 -0.467478430774926
0.484375 0.127064056416818 -3.8354876908706 -0.465022946246548
0.5 0.0676076823314189 -3.77109995370356 -0.463503383571651
0.515625 0.00933436933882953 -3.68421444996936 -0.462904041816012
0.53125 -0.0474119462916627 -3.575812946671 -0.463203728673524
0.546875 -0.102303140082426 -3.44693762060767 -0.464376000135224
0.5625 -0.155027850388564 -3.2986923077296 -0.46638941495295
0.578125 -0.205292463248573 -3.13224548635694 -0.469207804191846
0.59375 -0.252822153510506 -2.94883439218258 -0.472790556587777
0.609375 -0.29736199489486 -2.74976961672587 -0.477092920701057
0.625 -0.338678141345466 -2.53643952260251 -0.482066324975586
0.640625 -0.376559071643836 -2.31031381878585 -0.487658716767936
0.65625 -0.41081687925474 -2.07294567612433 -0.493814921206631
0.671875 -0.44128858014467 -1.82597182596533 -0.500477020386736
0.6875 -0.467837403249101 -1.57111017015444 -0.507584752914223
0.703125 -0.49035402168972 -1.31015453548963 -0.515075933209129
0.71875 -0.508757678031039 -1.04496632581934 -0.522886889281837
0.734375 -0.522997154020523 -0.777462955783576 -0.530952916942036
0.75 -0.533051534506618 -0.509603086766925 -0.539208747616989
0.765625 -0.538930716625026 -0.243368822855744 -0.547589026177835
0.78125 -0.540675618855427 0.0192548426274169 -0.556028794433128
0.796875 -0.538358050070671 0.276302916003129 -0.564463975280139
0.8125 -0.532080206046022 0.525855103967829 -0.572831851936478
0.828125 -0.521973769818376 0.766061710969515 -0.581071536234114
0.84375 -0.508198602477542 0.99517004761986 -0.589124419667174
0.859375 -0.490941022080439 1.21155061796728 -0.596934600761078
0.875 -0.470411680017673 1.41372233241783 -0.604449282384975
0.890625 -0.446843055924036 1.60037599836319 -0.61161913286723
0.90625 -0.42048660369924 1.77039537198732 -0.618398605193557
0.921875 -0.39160959199141 1.92287511116891 -0.624746209161629
0.9375 -0.360491692217105 2.057135048878 -0.630624732120989
0.953125 -0.327421375508736 2.1727303061737 -0.636001404823332
0.96875 -0.292692186603883 2.26945688033404 -0.640848009921595
0.984375 -0.256598967391154 2.34735247271098 -0.645140931758368
