-1 0.35322690848236
-0.894736842105263 0.309802259625527
-0.789473684210526 0.124837110617201
-0.684210526315789 -0.179854467282462
-0.578947368421053 -0.521775260580296
-0.473684210526316 -0.778546959604401
-0.368421052631579 -0.834212341288874
-0.263157894736842 -0.632604991636986
-0.157894736842105 -0.211597087256371
-0.0526315789473685 0.301971142652196
0.0526315789473684 0.738545534638979
0.157894736842105 0.953842159707218
0.263157894736842 0.886951458303233
0.368421052631579 0.581374974294357
0.473684210526316 0.160599186123614
0.578947368421053 -0.227654398899546
0.684210526315789 -0.4705301385085
0.789473684210526 -0.526107340970266
0.894736842105263 -0.42454349264334
1 -0.240462049968584


-1 0.346256177310155
-0.984375 0.35648683662507
-0.96875 0.361906545226818
-0.953125 0.362550943196511
-0.9375 0.358497241349407
-0.921875 0.349860597643285
-0.90625 0.336790172267786
-0.890625 0.319464995173523
-0.875 0.298089777871063
-0.859375 0.272890795252668
-0.84375 0.244111953275647
-0.828125 0.212011145021281
-0.8125 0.176856981430207
-0.796875 0.138925964512605
-0.78125 0.098500150692369
-0.765625 0.0558653308536256
-0.75 0.0113097323095667
-0.734375 -0.03487677300982
-0.71875 -0.0824029897021559
-0.703125 -0.130976303090799
-0.6875 -0.180302236155338
-0.671875 -0.230083742157991
-0.65625 -0.280020326171297
-0.640625 -0.329807095635489
-0.625 -0.379133843501938
-0.609375 -0.427684267377612
-0.59375 -0.475135424401126
-0.578125 -0.521157514478922
-0.5625 -0.56541407420891
-0.546875 -0.607562650624211
-0.53125 -0.647256008185548
-0.515625 -0.684143904689887
-0.5 -0.717875452455103
-0.484375 -0.748102060840176
-0.46875 -0.774480935453404
-0.453125 -0.796679088889523
-0.4375 -0.814377798124202
-0.421875 -0.827277425370755
-0.40625 -0.835102502828997
-0.390625 -0.837606967844708
-0.375 -0.834579424004784
-0.359375 -0.825848295998671
-0.34375 -0.811286741975316
-0.328125 -0.790817186814288
-0.3125 -0.764415343302028
-0.296875 -0.732113595641279
-0.28125 -0.694003630892028
-0.265625 -0.65023821860236
-0.25 -0.601032056686025
-0.234375 -0.546661622089181
-0.21875 -0.487463987422116
-0.203125 -0.423834588899474
-0.1875 -0.356223955965119
-0.171875 -0.285133438169434
-0.15625 -0.211109989496998
-0.140625 -0.134740093698764
-0.125 -0.0566429355835226
-0.109375 0.0225370579598478
-0.09375 0.102138167758866
-0.078125 0.181489671442365
-0.0625 0.259920312155026
-0.046875 0.336766783297246
-0.03125 0.411382066026094
-0.015625 0.483143460848786
0 0.551460163329632
0.015625 0.61578024642733
0.03125 0.675596927877793
0.046875 0.730454019832918
0.0625 0.779950479067305
0.078125 0.823743998818762
0.09375 0.861553607038429
0.109375 0.893161259778584
0.125 0.918412441932947
0.140625 0.937215809887291
0.15625 0.949541931210798
0.171875 0.955421194765844
0.1875 0.954940980069105
0.203125 0.94824218703547
0.21875 0.935515236125462
0.234375 0.916995654261075
0.25 0.892959363657333
0.265625 0.863717789036542
0.28125 0.829612893757415
0.296875 0.791012247509298
0.3125 0.748304217785588
0.328125 0.701893364822638
0.34375 0.652196105585738
0.359375 0.599636697249577
0.375 0.54464357501794
0.390625 0.487646063611193
0.40625 0.429071466850796
0.421875 0.369342525976271
0.4375 0.308875225073513
0.453125 0.248076911635784
0.46875 0.187344692102124
0.484375 0.127064056416818
0.5 0.0676076823314189
0.515625 0.00933436933882953
0.53125 -0.0474119462916627
0.546875 -0.102303140082426
0.5625 -0.155027850388564
0.578125 -0.205292463248573
0.59375 -0.252822153510506
0.609375 -0.29736199489486
0.625 -0.338678141345466
0.640625 -0.376559071643836
0.65625 -0.41081687925474
0.671875 -0.44128858014467
0.6875 -0.467837403249101
0.703125 -0.49035402168972
0.71875 -0.508757678031039
0.734375 -0.522997154020523
0.75 -0.533051534506618
0.765625 -0.538930716625026
0.78125 -0.540675618855427
0.796875 -0.538358050070671
0.8125 -0.532080206046022
0.828125 -0.521973769818376
0.84375 -0.508198602477542
0.859375 -0.490941022080439
0.875 -0.470411680017673
0.890625 -0.446843055924036
0.90625 -0.42048660369924
0.921875 -0.39160959199141
0.9375 -0.360491692217105
0.953125 -0.327421375508736
0.96875 -0.292692186603883
0.984375 -0.256598967391154
