0 0
0.25 0.247403959254523
0.5 0.479425538604203
0.75 0.681638760023334
1 0.841470984807897
1.25 0.948984619355586
1.5 0.997494986604054
1.75 0.983985946873937
2 0.909297426825682
2.25 0.778073196887921
2.5 0.598472144103957
2.75 0.381660992052332
3 0.141120008059867
3.5 -0.35078322768962
4 -0.756802495307928
4.5 -0.977530117665097
5 -0.958924274663138
5.5 -0.705540325570392
6 -0.279415498198926


0 0 -1
0.0625 0.0618509898136307 -0.998067156568324
0.125 0.123701979627261 -0.992268626273296
0.1875 0.185552969440892 -0.982604409114916
0.25 0.247403959254523 -0.969074505093185
0.3125 0.305409354091943 -0.951799089051108
0.375 0.363414748929363 -0.930898335831692
0.4375 0.421420143766783 -0.906372245434937
0.5 0.479425538604203 -0.878220817860844
0.5625 0.529978843958986 -0.846676930905744
0.625 0.580532149313769 -0.811973462365971
0.6875 0.631085454668551 -0.774110412241523
0.75 0.681638760023334 -0.733087780532402
0.8125 0.721596816219475 -0.689236668774814
0.875 0.761554872415615 -0.642888178504967
0.9375 0.801512928611756 -0.594042309722862
1 0.841470984807897 -0.542699062428498
1.0625 0.868349393444819 -0.489267175608101
1.125 0.895227802081741 -0.434155388247896
1.1875 0.922106210718664 -0.377363700347883
1.25 0.948984619355586 -0.318892111908063
1.3125 0.961112211167703 -0.25920158595421
1.375 0.97323980297982 -0.1987530855121
1.4375 0.985367394791937 -0.137546610581732
1.5 0.997494986604054 -0.0755821611631075
1.5625 0.994117726671525 -0.0133442638732456
1.625 0.990740466738996 0.0486825546708332
1.6875 0.987363206806466 0.110498294469129
1.75 0.983985946873937 0.172102955521641
1.8125 0.965313816861873 0.233018573138386
1.875 0.946641686849809 0.292767182629376
1.9375 0.927969556837746 0.351348783994612
2 0.909297426825682 0.408763377234094
2.0625 0.876491369341242 0.46456927711431
2.125 0.843685311856802 0.518324798401749
2.1875 0.810879254372361 0.57002994109641
2.25 0.778073196887921 0.619684705198294
2.3125 0.73317293369193 0.666911146778915
2.375 0.688272670495939 0.711331321909786
2.4375 0.643372407299948 0.752945230590907
2.5 0.598472144103957 0.791752872822279
2.5625 0.54426935609105 0.827463544703373
2.625 0.490066568078144 0.85978654233366
2.6875 0.435863780065238 0.888721865713141
2.75 0.381660992052332 0.914269514841815
2.8125 0.321525746054216 0.936244100407645
2.875 0.261390500056099 0.954460233098592
2.9375 0.201255254057983 0.968917912914657
3 0.141120008059867 0.97961713985584
3.0625 0.0796321035911813 0.986515643344935
3.125 0.0181441991224955 0.989571152804738
3.1875 -0.0433437053461904 0.988783668235247
3.25 -0.104831609814876 0.984153189636464
3.3125 -0.166319514283562 0.975679717008388
3.375 -0.227807418752248 0.963363250351019
3.4375 -0.289295323220934 0.947203789664357
3.5 -0.35078322768962 0.927201334948402
3.5625 -0.401535636141908 0.903691370453667
3.625 -0.452288044594197 0.877009380430663
3.6875 -0.503040453046485 0.847155364879392
3.75 -0.553792861498774 0.814129323799853
3.8125 -0.604545269951063 0.777931257192045
3.875 -0.655297678403351 0.73856116505597
3.9375 -0.70605008685564 0.696019047391626
4 -0.756802495307928 0.650304904199015
4.0625 -0.784393448102574 0.602142530967437
4.125 -0.81198440089722 0.552255723186193
4.1875 -0.839575353691867 0.500644480855284
4.25 -0.867166306486513 0.44730880397471
4.3125 -0.894757259281159 0.39224869254447
4.375 -0.922348212075805 0.335464146564565
4.4375 -0.949939164870451 0.276955166034994
4.5 -0.977530117665097 0.216721750955758
4.5625 -0.975204387289852 0.155698797675916
4.625 -0.972878656914607 0.094821202544527
4.6875 -0.970552926539363 0.0340889655615904
4.75 -0.968227196164118 -0.0264979132728935
4.8125 -0.965901465788873 -0.0869394339589245
4.875 -0.963575735413628 -0.147235596496502
4.9375 -0.961250005038383 -0.207386400885628
5 -0.958924274663138 -0.2673918471263
5.0625 -0.927251281026545 -0.326334833241603
5.125 -0.895578287389952 -0.383298257254619
5.1875 -0.863905293753358 -0.438282119165347
5.25 -0.832232300116765 -0.491286418973789
5.3125 -0.800559306480172 -0.542311156679943
5.375 -0.768886312843579 -0.59135633228381
5.4375 -0.737213319206985 -0.63842194578539
5.5 -0.705540325570392 -0.683507997184683
5.5625 -0.652274722148959 -0.725939717425913
5.625 -0.599009118727525 -0.765042337453303
5.6875 -0.545743515306092 -0.800815857266854
5.75 -0.492477911884659 -0.833260276866564
5.8125 -0.439212308463226 -0.862375596252436
5.875 -0.385946705041792 -0.888161815424468
5.9375 -0.332681101620359 -0.91061893438266
6 -0.279415498198926 -0.929746953127013
