1 117 5
2 100 5
3 88 5
4 72 4
6 53 4
9 29.5 3
10 25.2 3
13 15.2 2
15 11.1 2


0 141.338164625218
0.03125 140.589792664242
0.0625 139.845383260678
0.09375 139.104915433168
0.125 138.368368311446
0.15625 137.635721135753
0.1875 136.90695325625
0.21875 136.182044132438
0.25 135.460973332577
0.28125 134.743720533112
0.3125 134.030265518099
0.34375 133.320588178635
0.375 132.614668512292
0.40625 131.912486622553
0.4375 131.214022718251
0.46875 130.519257113012
0.5 129.828170224698
0.53125 129.140742574858
0.5625 128.456954788177
0.59375 127.776787591929
0.625 127.100221815439
0.65625 126.427238389534
0.6875 125.757818346014
0.71875 125.091942817113
0.75 124.429593034968
0.78125 123.770750331088
0.8125 123.115396135833
0.84375 122.463511977885
0.875 121.815079483732
0.90625 121.170080377147
0.9375 120.528496478672
0.96875 119.89030970511
1 119.255502069013
1.03125 118.624055678173
1.0625 117.995952735119
1.09375 117.371175536619
1.125 116.749706473176
1.15625 116.131528028533
1.1875 115.51662277918
1.21875 114.904973393865
1.25 114.2965626331
1.28125 113.691373348682
1.3125 113.089388483202
1.34375 112.490591069572
1.375 111.894964230541
1.40625 111.302491178223
1.4375 110.71315521362
1.46875 110.126939726156
1.5 109.543828193204
1.53125 108.963804179625
1.5625 108.386851337301
1.59375 107.812953404677
1.625 107.242094206299
1.65625 106.674257652363
1.6875 106.109427738259
1.71875 105.547588544117
1.75 104.988724234363
1.78125 104.432819057272
1.8125 103.879857344522
1.84375 103.329823510751
1.875 102.782702053124
1.90625 102.23847755089
1.9375 101.697134664947
1.96875 101.158658137417
2 100.623032791207
2.03125 100.090243529588
2.0625 99.5602753357636
2.09375 99.033113272453
2.125 98.508742481465
2.15625 97.987148183282
2.1875 97.468315676642
2.21875 96.9522303381249
2.25 96.4388776217403
2.28125 95.9282430585172
2.3125 95.4203122560968
2.34375 94.9150708983261
2.375 94.4125047448547
2.40625 93.912599630734
2.4375 93.4153414660167
2.46875 92.920716235361
2.5 92.4287099976348
2.53125 91.9393088855228
2.5625 91.4524991051361
2.59375 90.9682669356228
2.625 90.4865987287817
2.65625 90.0074809086777
2.6875 89.5308999712587
2.71875 89.0568424839753
2.75 88.5852950854024
2.78125 88.1162444848621
2.8125 87.6496774620493
2.84375 87.1855808666594
2.875 86.7239416180172
2.90625 86.2647467047087
2.9375 85.8079831842136
2.96875 85.3536381825413
3 84.9016988938679
3.03125 84.4521525801747
3.0625 84.0049865708898
3.09375 83.560188262531
3.125 83.1177451183497
3.15625 82.6776446679788
3.1875 82.2398745070804
3.21875 81.804422296996
3.25 81.3712757643997
3.28125 80.9404227009513
3.3125 80.5118509629526
3.34375 80.0855484710054
3.375 79.6615032096704
3.40625 79.239703227129
3.4375 78.8201366348465
3.46875 78.4027916072366
3.5 77.9876563813285
3.53125 77.5747192564351
3.5625 77.1639685938234
3.59375 76.7553928163863
3.625 76.3489804083165
3.65625 75.9447199147815
3.6875 75.5425999416014
3.71875 75.142609154927
3.75 74.7447362809211
3.78125 74.3489701054402
3.8125 73.9552994737186
3.84375 73.5637132900541
3.875 73.174200517495
3.90625 72.7867501775294
3.9375 72.4013513497755
3.96875 72.0179931716737
4 71.6366648381809
4.03125 71.2573556014654
4.0625 70.8800547706045
4.09375 70.5047517112826
4.125 70.1314358454919
4.15625 69.7600966512343
4.1875 69.3907236622244
4.21875 69.023306467595
4.25 68.6578347116033
4.28125 68.2942980933392
4.3125 67.9326863664349
4.34375 67.572989338776
4.375 67.2151968722148
4.40625 66.8592988822836
4.4375 66.5052853379114
4.46875 66.1531462611405
4.5 65.8028717268455
4.53125 65.4544518624538
4.5625 65.1078768476669
4.59375 64.7631369141839
4.625 64.4202223454264
4.65625 64.0791234762638
4.6875 63.7398306927418
4.71875 63.402334431811
4.75 63.0666251810575
4.78125 62.7326934784345
4.8125 62.400529911996
4.84375 62.0701251196312
4.875 61.7414697888011
4.90625 61.4145546562753
4.9375 61.0893705078715
4.96875 60.7659081781956
5 60.4441585503834
5.03125 60.1241125558436
5.0625 59.8057611740021
5.09375 59.489095432048
5.125 59.1741064046806
5.15625 58.8607852138577
5.1875 58.5491230285456
5.21875 58.2391110644699
5.25 57.9307405838682
5.28125 57.6240028952437
5.3125 57.3188893531203
5.34375 57.0153913577988
5.375 56.7135003551144
5.40625 56.4132078361962
5.4375 56.1145053372265
5.46875 55.817384439203
5.5 55.5218367677011
5.53125 55.2278539926379
5.5625 54.9354278280377
5.59375 54.6445500317981
5.625 54.3552124054577
5.65625 54.0674067939654
5.6875 53.7811250854502
5.71875 53.4963592109928
5.75 53.2131011443978
5.78125 52.9313429019679
5.8125 52.6510765422787
5.84375 52.3722941659549
5.875 52.0949879154476
5.90625 51.8191499748128
5.9375 51.5447725694912
5.96875 51.2718479660892
6 51.0003684721605
6.03125 50.7303264359898
6.0625 50.4617142463767
6.09375 50.1945243324216
6.125 49.9287491633118
6.15625 49.6643812481098
6.1875 49.4014131355418
6.21875 49.1398374137876
6.25 48.8796467102722
6.28125 48.6208336914574
6.3125 48.3633910626355
6.34375 48.1073115677235
6.375 47.8525879890588
6.40625 47.5992131471955
6.4375 47.3471799007022
6.46875 47.0964811459607
6.5 46.8471098169658
6.53125 46.5990588851261
6.5625 46.3523213590659
6.59375 46.1068902844282
6.625 45.8627587436786
6.65625 45.6199198559103
6.6875 45.3783667766505
6.71875 45.138092697667
6.75 44.8990908467766
6.78125 44.6613544876541
6.8125 44.4248769196425
6.84375 44.1896514775643
6.875 43.9556715315334
6.90625 43.722930486768
6.9375 43.4914217834056
6.96875 43.261138896317
7 43.0320753349232
7.03125 42.8042246430123
7.0625 42.5775803985571
7.09375 42.3521362135347
7.125 42.127885733746
7.15625 41.9048226386368
7.1875 41.6829406411197
7.21875 41.4622334873968
7.25 41.2426949567833
7.28125 41.0243188615326
7.3125 40.8070990466614
7.34375 40.5910293897766
7.375 40.3761038009024
7.40625 40.1623162223089
7.4375 39.9496606283415
7.46875 39.7381310252506
7.5 39.527721451023
7.53125 39.3184259752138
7.5625 39.1102386987793
7.59375 38.9031537539106
7.625 38.6971653038683
7.65625 38.4922675428178
7.6875 38.2884546956662
7.71875 38.085721017899
7.75 37.8840607954181
7.78125 37.6834683443813
7.8125 37.4839380110417
7.84375 37.2854641715884
7.875 37.0880412319883
7.90625 36.8916636278277
7.9375 36.6963258241563
7.96875 36.5020223153307
8 36.3087476248593
8.03125 36.1164963052482
8.0625 35.9252629378472
8.09375 35.7350421326976
8.125 35.5458285283796
8.15625 35.3576167918621
8.1875 35.1704016183515
8.21875 34.9841777311428
8.25 34.7989398814705
8.28125 34.614682848361
8.3125 34.4314014384849
8.34375 34.2490904860114
8.375 34.067744852462
8.40625 33.887359426566
8.4375 33.7079291241164
8.46875 33.5294488878267
8.5 33.351913687188
8.53125 33.1753185183277
8.5625 32.9996584038681
8.59375 32.8249283927862
8.625 32.6511235602744
8.65625 32.4782390076012
8.6875 32.3062698619736
8.71875 32.1352112763994
8.75 31.965058429551
8.78125 31.7958065256291
8.8125 31.6274507942277
8.84375 31.4599864901997
8.875 31.293408893523
8.90625 31.1277133091677
8.9375 30.9628950669635
8.96875 30.7989495214684
9 30.6358720518372
9.03125 30.473658061692
9.0625 30.3123029789921
9.09375 30.1518022559054
9.125 29.99215136868
9.15625 29.833345817517
9.1875 29.6753811264433
9.21875 29.5182528431859
9.25 29.3619565390459
9.28125 29.2064878087741
9.3125 29.0518422704466
9.34375 28.8980155653415
9.375 28.7450033578156
9.40625 28.5928013351828
9.4375 28.4414052075923
9.46875 28.2908107079073
9.5 28.1410135915854
9.53125 27.9920096365585
9.5625 27.843794643114
9.59375 27.6963644337764
9.625 27.5497148531894
9.65625 27.4038417679991
9.6875 27.2587410667371
9.71875 27.114408659705
9.75 26.9708404788588
9.78125 26.8280324776946
9.8125 26.6859806311342
9.84375 26.5446809354119
9.875 26.4041294079614
9.90625 26.2643220873038
9.9375 26.1252550329359
9.96875 25.9869243252191
10 25.8493260652687
10.03125 25.7124563748445
10.0625 25.576311396241
10.09375 25.4408872921789
10.125 25.3061802456971
10.15625 25.1721864600447
10.1875 25.0389021585744
10.21875 24.9063235846358
10.25 24.7744470014697
10.28125 24.6432686921025
10.3125 24.5127849592418
10.34375 24.382992125172
10.375 24.2538865316504
10.40625 24.1254645398047
10.4375 23.9977225300298
10.46875 23.8706569018862
10.5 23.7442640739984
10.53125 23.6185404839538
10.5625 23.4934825882025
10.59375 23.3690868619574
10.625 23.2453497990949
10.65625 23.1222679120557
10.6875 22.999837731747
10.71875 22.8780558074445
10.75 22.756918706695
10.78125 22.6364230152201
10.8125 22.5165653368195
10.84375 22.3973422932753
10.875 22.2787505242572
10.90625 22.1607866872274
10.9375 22.0434474573465
10.96875 21.9267295273799
11 21.8106296076044
11.03125 21.6951444257156
11.0625 21.5802707267357
11.09375 21.4660052729214
11.125 21.3523448436734
11.15625 21.2392862354449
11.1875 21.1268262616515
11.21875 21.0149617525816
11.25 20.9036895553069
11.28125 20.7930065335935
11.3125 20.6829095678136
11.34375 20.5733955548575
11.375 20.4644614080461
11.40625 20.3561040570442
11.4375 20.2483204477734
11.46875 20.1411075423267
11.5 20.0344623188822
11.53125 19.9283817716185
11.5625 19.8228629106297
11.59375 19.7179027618409
11.625 19.613498366925
11.65625 19.5096467832188
11.6875 19.4063450836401
11.71875 19.3035903566056
11.75 19.2013797059482
11.78125 19.0997102508361
11.8125 18.998579125691
11.84375 18.8979834801075
11.875 18.797920478773
11.90625 18.6983873013876
11.9375 18.5993811425844
11.96875 18.5008992118509
12 18.4029387334499
12.03125 18.3054969463417
12.0625 18.2085711041057
12.09375 18.1121584748637
12.125 18.0162563412023
12.15625 17.9208620000966
12.1875 17.8259727628338
12.21875 17.731585954938
12.25 17.6376989160939
12.28125 17.5443090000727
12.3125 17.4514135746568
12.34375 17.3590100215662
12.375 17.2670957363843
12.40625 17.1756681284847
12.4375 17.084724620958
12.46875 16.9942626505396
12.5 16.9042796675367
12.53125 16.8147731357571
12.5625 16.7257405324377
12.59375 16.6371793481727
12.625 16.5490870868439
12.65625 16.4614612655493
12.6875 16.374299414534
12.71875 16.2875990771201
12.75 16.2013578096375
12.78125 16.1155731813552
12.8125 16.0302427744127
12.84375 15.9453641837516
12.875 15.8609350170483
12.90625 15.7769528946463
12.9375 15.6934154494891
12.96875 15.6103203270535
13 15.5276651852834
13.03125 15.4454476945235
13.0625 15.3636655374539
13.09375 15.2823164090247
13.125 15.2013980163909
13.15625 15.120908078848
13.1875 15.0408443277676
13.21875 14.9612045065335
13.25 14.881986370478
13.28125 14.8031876868186
13.3125 14.7248062345954
13.34375 14.6468398046081
13.375 14.5692861993541
13.40625 14.492143232966
13.4375 14.4154087311507
13.46875 14.3390805311276
13.5 14.2631564815679
13.53125 14.1876344425339
13.5625 14.1125122854185
13.59375 14.0377878928856
13.625 13.9634591588099
13.65625 13.8895239882182
13.6875 13.8159802972296
13.71875 13.7428260129974
13.75 13.6700590736504
13.78125 13.5976774282347
13.8125 13.525679036656
13.84375 13.4540618696223
13.875 13.3828239085864
13.90625 13.3119631456889
13.9375 13.2414775837022
13.96875 13.1713652359734
14 13.1016241263693
14.03125 13.0322522892195
14.0625 12.9632477692621
14.09375 12.894608621588
14.125 12.826332911586
14.15625 12.7584187148888
14.1875 12.6908641173182
14.21875 12.6236672148316
14.25 12.5568261134679
14.28125 12.4903389292944
14.3125 12.4242037883538
14.34375 12.3584188266111
14.375 12.2929821899011
14.40625 12.2278920338763
14.4375 12.1631465239551
14.46875 12.0987438352693
14.5 12.0346821526136
14.53125 11.9709596703941
14.5625 11.9075745925769
14.59375 11.8445251326384
14.625 11.7818095135142
14.65625 11.7194259675494
14.6875 11.6573727364486
14.71875 11.5956480712265
14.75 11.5342502321582
14.78125 11.473177488731
14.8125 11.4124281195947
14.84375 11.3520004125135
14.875 11.2918926643179
14.90625 11.2321031808565
14.9375 11.1726302769481
14.96875 11.1134722763345
15 11.0546275116331
15.03125 10.9960943242899
15.0625 10.937871064533
15.09375 10.8799560913254
15.125 10.8223477723198
15.15625 10.7650444838116
15.1875 10.7080446106937
15.21875 10.651346546411
15.25 10.5949486929146
15.28125 10.5388494606175
15.3125 10.4830472683491
15.34375 10.4275405433111
15.375 10.3723277210331
15.40625 10.3174072453282
15.4375 10.2627775682494
15.46875 10.2084371500462
15.5 10.1543844591205
15.53125 10.1006179719843
15.5625 10.047136173216
15.59375 9.99393755541814
15.625 9.9410206191748
15.65625 9.88838387300928
15.6875 9.83602583334212
15.71875 9.78394502444927
15.75 9.73213997842049
15.78125 9.680609235118
15.8125 9.6293513421353
15.84375 9.57836485475624
15.875 9.52764833591429
15.90625 9.47720035615208
15.9375 9.42701949358105
15.96875 9.37710433384142
